165.83261428146173
106.06184654321108
129.1567189061228
89.9189380258821
78.09258372951554
77.19325605292502
70.96303908866236
69.42528328149066
67.82505276320747
65.58874557986536
63.88195022961227
61.60851035869042
59.93246340678185
58.53549795562592
57.33533905778121
57.90633034359284
57.68487778963564
56.2453907763424
55.45656059750317
51.2207635796131
54.545873211645
54.181733366201186
51.10170015384136
50.19314378234981
49.69292317412934
49.67574274388223
49.30123480246634
57.25920405190555
57.124328118227226
64.48159856870858
59.401716632651365
61.00000051774708
63.491247905850244
66.34344696617705
67.36747599038874
63.56827396605864
81.29530956853299
96.9369620140991
63.24586728177451
59.45576895425564
56.453624870790314
55.33120386525704
53.65795517836527
54.00258343024387
54.6233630003322
54.71614643205142
54.278511869685346
53.16771711954155
53.787624684527884
54.1999639584035
55.02359746066428
56.29790707302352
56.79755841067194
57.835933707870346
58.02045351504622
58.90519293059257
63.09211181588118
60.710628583491555
63.862989873536876
66.14600997115966
72.91568513278695
210.577124142354
60.18894116780475
59.62605191082424
58.610779272833554
61.07667257274806
55.9266407044243
54.90636279635381
54.244535518945774
53.4496539475584
53.30600068048007
56.90021965972747
56.460984689623885
52.51336029402441
55.437359364689414
54.725344134154426
51.017112075702045
54.181341478697675
54.421126947592995
50.342896154306416
54.267880195004906
54.31290176091922
54.04196238100035
54.19780212112207
53.60643410492111
53.054293469559695
53.36779445660565
89.24896842955225
227.57335100611553
216.4851738059649
258.5959309465075
151.5155389078852
174.3843645190055
59.22720349026233
55.115822683140635
54.44695823369678
53.61865959563477
53.7459765196974
58.09949910150561
64.41363640375347
75.45204562649269
82.17811536991479
76.9940622429423
65.8214379379234
60.556238452112304
60.175204072544915
59.35381343161614
60.044938284220294
59.52730130729608
59.192920130651935
58.951753930614856
59.26595660793546
60.63238390310834
60.827506075278336
61.372567807018285
61.68375074964694
63.50811175510414
71.28600041259003
76.51427815655092
75.75240607063543
80.04971889084868
101.43740673456387
100.235622568228
89.61804175425061
86.72173015769584
94.95345855749301
101.77549914982872
107.67857848115365
107.57550003453687
109.42818703823622
109.54971813787898
111.70722179751961
111.3138212256819
108.50025051451375
105.45476794341135
109.91348494458344
136.74718168715228
120.70994266093533
136.16355182649573
129.5638835651007
133.85490100351927
139.12835056504366
66.44920736938225
80.45626072527104
57.22934192033481
52.447003546545254
52.008089617385686
55.071065010924805
50.599396547786995
50.69815837743485
49.72931328636928
52.75882552944395
52.42007637695275
50.48288389026614
49.349971469246015
50.08308503584792
47.076049896808165
48.16171252419846
51.96314966878591
48.536599600570604
51.811185875356
51.67906014063276
47.51577912812401
48.1887927758128
51.090241423682706
47.288385173892316
46.483737237480625
46.136392371898914
49.2248232319476
49.40925547659246
49.73188484209969
47.28297012619585
48.71815758659379
53.89581636309355
56.02722072858143
58.16772537170817
59.468735980688244
56.12548474678097
51.26392708975303
51.330658280268864
51.16495963306412
51.67524710943451
51.94800045712074
51.79260558677967
52.55571244735334
51.93527450189543
50.37893657201706
49.85705901122693
49.12227933720781
49.542422208603256
49.06726608219471
48.76788327361821
45.13429579681403
44.74331685472865
40.261880431482915
39.64806555426125
40.05956196468726
40.145981849110676
44.533686505308104
44.860683525646
44.80833254081196
45.403788364042505
45.81713851209601
45.60878943167636
49.10555180542143
49.37619228539591
48.97017394682759
52.32875972798501
55.52712828520796
54.15610223780662
54.82083942866878
54.55062601911609
53.92270332360049
54.20817746903153
54.09514184654449
55.5002082679286
55.85563919866886
56.27775354436398
52.20468003400627
51.365626709055796
50.80754813335517
50.54852893573087
54.07157014405739
49.97723967580708
52.98845691920526
52.79481408198721
51.944345411515044
51.545839514733565
51.78268635458815
49.27728471511682
52.98867493964044
52.48177447302024
49.05066152414113
49.46342124519097
49.1302142925362
52.54621928381338
52.14155760572896
53.26160651612966
50.244240737010415
54.461528267992506
51.567527418264206
55.8196847785053
59.25461917785095
54.495595628785736
56.89967733136178
56.93075885496812
57.280909429631166
53.7135458998093
53.7998365252733
57.726113053751064
58.09584050319434
59.70300813584516
60.9783079860564
57.59005446117177
57.57281915291995
57.790155028128936
54.22806708747118
58.82370228894192
58.70370757929467
57.214285738201944
56.23650640550205
56.14392822429551
55.88028155830282
54.89670019101894
54.83145577512058
54.551258071039335
54.33884106263876
53.75297107682275
53.85325862448482
53.42672921176516
53.383896997257466
52.71988670905597
56.37735052059074
57.195671793563456
53.839398187777924
52.83744006032315
52.00991507684327
50.8507835849918
50.87717098899368
51.42902427185766
51.25856635197471
52.0099905403506
52.610476189334385
51.773436151761636
51.72179087586804
52.29190881805905
53.256683366905186
53.68617980270791
53.144513331555345
56.20240337109944
51.24748707558938
51.24164248342273
51.32809826151285
49.972911147114644
49.83338773716412
49.43505524091241
49.693621047344124
49.461134030449514
50.3722089080092
47.654781341671125
47.582959016438295
48.14251603587662
49.41492483939474
50.265011318418885
50.63360133564573
50.73952742035133
50.78458927280436
50.95952869023334
46.38723624895293
45.99721315146131
49.46605645713436
49.44935425475859
49.36861887218988
48.40814904149
48.916713990073895
45.67854956953048
48.99741460341121
48.86488547729794
45.55391241301701
49.61615887309561
49.53115567789495
46.20251563804702
92.54086567202091
138.26017988097965
181.3613071531562
105.61283156872102
67.93339689844625
71.87114947776163
48.05854178437784
50.75117188401214
50.33417448687128
50.34544175514955
50.41340662704786
52.17214635096449
56.26063256756274
88.92032746416865
64.28603994309994
59.04992884651584
94.73006265873929
86.42746633014534
95.31271659685507
74.22649995250156
72.8424778092171
71.41434628487589
70.6153067266171
70.71622000331926
64.59084346438101
78.63728994161546
81.94700883833852
75.12149626672735
105.20144139453826
87.41208788111335
60.565775758941875
55.57393366512573
55.878322284823994
55.46248665999048
55.91078732019296
56.003225789386
56.038934378598064
56.48754223446227
57.114166266207334
57.7469730013115
58.59812508150881
58.964801919552016
71.90015763691726
76.50224696875642
81.68557108293976
105.94192739145635
102.76719712202893
62.42705927207737
61.31430941344124
61.195032219431255
60.14885812866303
59.459506256823325
56.01258075293236
55.95669899227739
55.70387206105844
55.64004745629735
54.654800458821825
53.26447469488857
53.0200563002328
52.76834214247863
53.12406345799706
52.94805979460296
53.12016795938216
53.05865447784437
52.97299171555347
52.45225565352803
51.610623079907086
52.15043473635312
50.849318024045516
50.96173189577034
51.89422957070217
52.182440919695736
52.08396525661648
52.5435652542017
53.237217120104845
52.662641371955765
52.18080126098443
51.7685321645797
52.339432633439344
52.196548175172914
51.16944101270569
50.14628134851995
50.218583996279705
50.439292348117014
51.03713295201809
50.482578788345805
50.7993760720373
50.80853579780552
50.25319556031114
50.57366461221594
51.021631649841716
51.04664292623781
52.26895058174188
51.84868290032534
54.16311522235575
53.72876182691493
53.75092367222122
54.63121477788875
51.78761164700245
52.47846581970395
52.26815240692267
53.07557757101315
52.708005870879184
53.12514648837688
53.104473639471166
52.85000937589403
52.85374115549665
52.2263781355129
52.31581821348689
51.836198641236656
48.19405711764413
51.0477431579778
50.62529028958965
53.98604164058005
121.69756786383485
80.95479619199597
128.67682649581747
124.7803130366813
120.46800985727963
66.1007011976491
58.19824049071467
58.17142060227215
55.69925995988017
54.94308840989708
54.94330871834999
54.489799524111206
52.96083187479478
77.05949945384988
81.53133046659903
77.97713832886822
83.39640152506362
75.09600028397698
74.37347884921869
86.57569769055529
68.61895942216331
59.67315116905175
63.24783413593228
55.551587769100344
62.054001621553184
61.635919879270105
64.25929608684807
60.406531092658405
58.03269698600614
55.93606682775954
55.81412755523573
55.83151557047375
56.63642765689341
48.971792549245755
49.00377030639107
50.112878743406185
50.42626025901555
50.876902497095124
54.953612065119536
52.14288482794896
52.24771554561872
53.3663349233311
53.37591282167085
53.71175786129225
54.086810275052244
57.84077595358617
57.38083511514664
57.62647488824067
55.51477463377247
54.903971062900276
54.153491224241826
57.938435706093045
54.39062754217373
53.48166465084041
53.276426891020265
53.141107020607336
52.580456225819624
55.38043347019423
51.65290815893533
51.567929128803826
51.54463832867424
51.02972657819557
54.79266574602941
51.53570429158279
50.57123540373571
51.69903783994448
50.448732965371406
53.95562596067793
51.27993691761568
54.70811250242979
54.486937872742466
52.633267440046446
54.369473459719515
231.6727787855055
371.23553454318795
274.8386205868324
244.7889307478198
176.02482964581694
234.03350294926616
64.06078709511436
52.72534254433894
52.37087604484902
51.44634795836508
50.862277596465255
49.6083274300223
48.73457297064125
47.71007793381845
44.5583871547528
47.88826526764045
45.22188336928795
49.08916914406914
50.438762047740084
51.799183122253815
52.546782313495726
53.35398908187088
54.41217669204845
55.3085908020221
56.605161928675166
57.191353928386214
59.962578419719506
60.18832184077694
60.40417161933966
60.5051177615383
60.058627753422705
61.90453385460872
66.28471278604103
66.59852852806254
72.43937713188615
76.10420277486594
76.50271330599365
67.32997146052385
72.36691438036613
67.95044654452398
68.54477986013693
69.0347613479491
64.83089763683378
68.15190379597652
63.16549624863309
62.395822553152534
62.12837363457538
80.37254432286713
77.70776623473975
87.69606199088471
86.74050596028192
100.67775625707256
101.81686195783347
98.80366474180055
146.16811128523486
104.75750682934779
100.18868215418999
108.04184594169135
98.2346940914459
123.77295360677928
80.18609356076004
79.78748159565176
64.33866299341926
64.67875547893334
68.75102016246723
63.16801433169348
62.74948526244985
69.41546101991175
93.62753666826184
151.85261291058387
139.82797146154826
51.71204687001222
48.9479418344349
52.687331699802556
89.60917694037218
135.18449093493078
103.58504166169143
95.57908372621678
105.16300416861083
106.46169620274966
98.69270226949513
61.5959401410812
61.319237223504594
57.754529685815996
60.80400023775656
59.29217557430446
55.028480622714866
58.17047129604671
57.859431764739476
55.38285966391322
58.842098868562864
55.22900317014711
55.875045726779014
56.45197655703951
56.7524443653754
60.58772244081347
58.58416849589503
59.202718381105434
63.161215284105424
62.932519176341444
62.894922524754946
58.64937684464232
58.12315654297318
61.686816671143475
59.06109478905676
59.02211283851548
60.14373428191258
59.84757669557866
59.39181209816929
58.164067968846915
57.49360978459545
56.77054581944426
56.10705934560032
55.093749007977
54.84017296595296
54.047222195524476
53.98532379210756
53.55933288735201
52.695984501842574
52.839242596237284
52.514949751885005
52.8656362812198
53.539880289587586
53.1193467727772
53.71640352956615
53.7682454089271
59.819662233835
61.31859902275882
67.51190921872347
88.3504688101918
81.10526944063629
77.04159893514868
82.218102259916
76.90023135694885
70.38976902318896
73.70575107552372
72.85297468524209
77.40847644405362
72.54961789217921
73.02583720684353
73.8279894153543
73.97662530319126
72.38939262468152
71.80520762819637
70.49524233722221
71.36806821104675
71.75338876168415
67.59890963804148
71.70269182778547
66.38942290232912
69.1766396360878
69.81389305808592
70.71689457179147
70.57393195966915
71.41507776676313
70.29623099090149
74.6750118517417
70.0567745305949
88.92494537999531
69.37978572772546
67.17591643558063
62.71255394413372
63.26299848634602
61.90690369823765
61.39112331785128
62.55166157798758
57.73626312850819
61.82743254991338
62.68633358579389
67.39040999775627
69.11490883183609
75.25112599318292
75.57628100704493
69.65583293563225
78.84073385038764
74.66873422250754
69.44992417781097
50.42437299852823
50.917840241765454
50.90640624336649
50.77139018365882
50.918337058907994
49.71633853249888
51.01950811293659
51.18146238172524
51.22185167847101
51.124605378920315
51.8237691042836
72.03192231551022
56.58970545979345
55.79619140902077
55.88113511874338
52.394766865848155
53.1580390965115
56.71137435457473
56.2213227292216
68.97551278858904
73.22774337542987
68.77941131338983
74.36636373605454
73.80005618144375
69.83382702729001
75.94083187661545
74.79790398306442
78.99272187923478
73.52690478061234
79.29431296714081
105.54717967369271
104.61385647172658
70.86661823615925
71.59047584617369
66.85030304527355
61.87745818325987
67.1263346058112
68.37769022145065
63.33569874743236
63.64809683329047
63.48354364254219
63.18001092558424
66.49925722784586
66.33183289807954
60.58756246721358
59.85117355175507
58.744765887485464
59.52182125034123
59.158743130101705
58.810827385681854
58.96069827451242
58.109479326275796
57.93971139123863
57.367069426704774
57.688660510255346
57.968090715445086
57.51023015311214
57.206546536885426
57.47147051533761
57.75028227071897
57.29640626773757
56.94373900881496
57.010697899630046
57.111312677034235
56.57461575095189
56.41735902004302
56.437025858440165
56.86450239720101
56.18029934445496
55.43798949916284
54.95170813813234
54.18565320499296
54.26302427116025
54.701215939591336
54.95164658747525
54.6469042795168
54.374967703273775
53.497961124320156
52.4263707308757
52.309287342007565
53.90187083465859
53.47215312338692
53.003626340249646
63.238712593019024
68.77860637375645
69.17447453945219
67.64547234712055
69.94426224057362
67.63176686749995
69.61131532923777
71.26161896028573
77.5536589196281
73.27169285852747
65.95094951784797
69.89675135016194
71.0503145309694
74.30330426798021
90.4514721919543
157.01485145121092
201.79670136566946
185.10171948826294
200.5223247008941
184.30261674687796
194.00823233919198
201.9958489003765
208.6752223793786
199.4550696904945
216.76610259827424
209.9309708130716
198.70706613272733
191.0350033900819
194.35161410873184
231.39070554802424
208.74263156836201
188.57336841755378
211.26845012002565
180.65088511331288
216.77894433836093
175.7796907631317
217.01010754034507
221.27894704840332
252.45498950462897
185.2667641896897
146.34941886409896
126.71393554668197
200.40615785155856
403.1280973762945
256.7571559921792
306.993141642628
328.2507537463734
311.2355421034706
145.32512567929555
115.77440928809285
91.95201464670075
76.62275921587678
96.90555037275197
78.27825917555423
106.41821358934354
97.95448851260872
78.43391152333237
96.62112148092216
98.89761316118796
165.8297832479299
80.35035888556816
80.71801676574762
95.88844916787843
85.45484345229353
80.43734364584263
124.63678067345461
79.51127747071767
241.1863596480503
118.51352321112921
158.0485044034983
222.19084326043063
238.72532993834162
176.09621875039426
146.80743919305283
147.81179531989784
68.86808142064322
147.93531033702587
151.01549353253768
142.2215465616453
133.8857266467253
145.39151419908177
162.04063272019079
165.177003122227
145.7406537023487
185.40576379435768
197.7165677096078
196.49831880736838
264.03347444405665
278.22982058602696
245.92229136278195
256.47530753870143
207.46713378626924
257.10686774497526
204.68839784967594
225.6479803974701
185.2862227642795
159.46609948073112
176.91439690035915
90.55705214229292
97.29469732223883
147.640073361007
101.88466556222714
126.87082460106654
121.84378290565897
186.78200675494384
182.5288625094015
162.26647533533585
163.24943185947316
163.63207191338685
158.1653234264814
156.0012116620601
157.08008641455552
146.22084674988815
145.73476712315173
137.82228033427074
162.14638681135827
188.69946179258017
179.51142272467908
157.75665184863627
161.02261248301812
181.90935646335353
202.27046320822146
205.68320449488925
184.04735535583532
170.48729401797164
222.2877116155581
190.27036942493828
226.84330402740304
190.4593159891854
214.1834226805129
201.9566257733678
190.16613800617412
191.66399495442468
219.6952512510977
195.84052959668392
219.81625033916563
187.26615316774897
191.27933181654998
243.86935840650878
166.66673673327895
264.88099157720785
197.72298393143564
174.35484384445763
163.63964785529168
179.2533034687037
146.50407877503068
146.80682841203364
176.70938423673658
163.4539321731258
180.11146510964852
220.22736212695472
212.97162902067222
203.2244360875117
189.91632185055968
223.32174751730324
230.23591463082315
239.28170403216376
190.30033235878057
189.87273426434052
190.0429682966039
174.92358319208435
191.36263650276936
187.58860840078938
171.32233486231607
194.5847053315332
175.11966351433298
191.9034856908626
208.23364481944867
172.67430149867772
197.02955906293508
196.10643336694184
135.52297775517403
147.5777966467012
169.5086595027609
139.6256997113242
183.42155106490708
155.57612811417985
138.44676285084523
136.026987124876
153.2313688558366
184.92710913509063
196.99460774216533
193.57400875832536
174.36943041294825
200.75270238121854
56.62433914126741
57.287360667097396
165.35075861232846
57.50202942497451
120.82778783780999
180.01588898758948
156.49078638254485
173.57762397205906
170.34791970392303
185.96673603859307
170.990627347408
192.63943820659495
174.53123088624875
237.31023187775918
199.0425821580079
157.99470883201687
168.8998612437111
189.65619950377507
153.27937123565926
169.23824151982055
162.68813436372523
157.72489731514082
179.74286400426527
181.4080632167587
171.56366925793037
168.27655794858288
173.62434809685578
176.0402213600419
179.72987695442802
161.29555966193794
180.54050108233832
175.26577636379875
163.06208312496548
170.51934038617145
188.1463887921692
168.0951910808327
176.1991145888889
184.89803355450974
172.01674989964184
146.21778521065517
194.33503259668475
175.1485669532148
152.0088169204922
198.58876609042133
215.3772785093266
187.89321582178314
173.9062197609454
195.28608712710718
241.62339115978742
236.91071382597354
345.3867325449036
219.6411626693298
324.1679390460257
296.73963458458604
266.8850731907738
263.1423551649348
231.5912688281612
218.83302142682413
294.94163561398426
251.938234671305
226.4010405158622
221.59945210779404
220.59372337977797
279.97292529133273
263.27410305068014
283.4174367900781
205.71294005972675
239.3584009901029
216.51292062216066
204.55357778333752
307.95762435147367
213.6812000798563
245.351623493619
235.19184750414436
327.8744462293108
269.76435312968306
253.49907304635872
183.4171051321144
255.2544819939148
239.21196132058242
207.64282239149676
193.59810708620674
184.9876192167137
210.430964619454
244.05592312902067
204.39425562561533
236.50663647601343
207.61379547367625
214.255979667578
208.2525003579622
195.91540838347706
175.61409610023128
228.86131163951535
219.48755192718886
191.8470019460133
235.058598345407
190.02906274119903
178.2044319575401
182.0846363614986
192.44640024565382
209.41475433614693
196.5243084229964
219.33655193484017
243.74863846026034
184.80103317765526
243.0056083897489
223.86222715611203
256.28845621850223
221.70090667370914
227.49860573422418
193.0996111538924
230.79588043046903
228.61022704339817
162.24408955833687
225.68610643944015
219.46802811059075
216.83385902050642
213.2843852253677
202.528460333685
220.4908646217003
204.3791593794554
207.52211529221154
197.63335892014211
214.0632115618588
242.22409655413662
208.32390761582198
241.46378299362132
207.28075955507563
186.56427209829607
188.58696789495747
189.0035935717082
183.24456214892925
181.88834068629237
208.158911615829
193.14478136064972
172.79701361566492
191.55390915028428
188.17623925426446
164.26026360820657
192.3219918422653
185.7020868005958
166.80800077068142
156.8386421610443
205.04819397120696
171.51511981067762
240.2873559016174
243.81019980889604
211.65237173002726
183.15795392875913
234.0463937333265
196.64985987627816
204.88894078195818
246.054085761385
317.9538031141453
220.21808404538436
246.18662111682602
342.3162353313566
205.64809805761928
269.39145774482824
229.82817257114377
213.6991319179142
264.38699722258707
238.5863580034842
202.76886348141863
266.74434734372835
309.01289381014647
241.2345708683471
205.6055108604548
275.3873283839351
281.0877732424527
259.1111635864219
265.3113931798028
253.39571495167607
196.75129147506775
255.61863324161084
287.6963835844398
199.84507463325878
224.0567706321551
213.84063091286558
199.45360884072574
228.85127762955094
262.6724244586601
207.08721584637553
175.54580581496228
182.24088902406638
216.21099203382664
237.5616216708058
163.56308248025508
188.6661469576708
201.20260657224227
176.70692270926978
270.5456205545757
140.22182903634302
177.43372423698963
246.77186465645693
187.8205839442158
150.2688436358112
150.31383323027504
173.1245399554532
188.56904778135643
237.22978400721394
174.61884593301852
229.6356603951659
149.8119267406656
245.57841948067082
275.325822740042
150.7201578233137
139.97394197999589
159.64563297625043
213.98706692089172
167.4598294190489
205.50071578966597
165.0054534600936
148.72296435062674
196.24393874224958
133.817401686429
182.17140048351584
116.25352517274233
196.55208194345641
170.77252838474897
169.448374489054
116.36710207831753
140.14750734029312
187.79564555428405
241.30483182433827
145.30395723054863
108.22640756809368
221.18414695215952
193.7020169964759
217.9746287558159
208.78450223388364
169.00792614336046
177.03704251104503
239.4209920212582
221.75752939898456
208.0838697154997
216.8070471107309
320.92288499049045
193.36590412703956
170.48809516570714
171.16401314448996
214.29768818770344
207.58541158576585
204.07348993721385
195.5938925345961
218.01954319954714
240.37534679128078
232.391716310501
220.5399752011304
228.4584348645167
223.47988263933107
217.60259368918176
229.17059090118929
236.88776472730777
240.06716997841033
215.38137696752315
198.60126397076
189.7762194652775
214.2420132900383
212.5010482253433
212.015494283049
227.51115217759155
250.92393051798143
232.5990180396728
201.6123382153253
229.93184052084243
248.24904793890155
215.4613692513671
203.54275949790022
220.01253264692195
193.42677481420148
196.55998364529793
233.19522668976566
199.77130841368756
214.7785220312291
208.6801274920208
210.68500226932167
223.2519108554457
206.2095184690966
182.3107882495059
230.31282309112305
226.1981609367167
226.61577239624916
230.2427493055724
227.52211498714803
213.7161421774594
210.05907441510777
179.14001472124266
197.53626517956934
224.78787580757844
245.31386739588567
229.28268658179618
223.58881565419753
212.3400783345189
210.3946947503536
236.60876912210648
206.26217900176138
208.52688807887117
219.74087386235954
208.6361327564755
216.78355413963
219.476085439745
248.4667068490081
208.98889762089146
245.86671795800936
243.22990116316413
232.71818594425486
235.17190924920394
219.33554290497892
281.293252210261
231.84237362780215
239.23590724726745
220.67799176351554
213.65624743883416
220.28682780399103
215.09895184183486
196.23547756043533
214.84801807848524
219.6821161031313
231.10463484142207
239.02659427346893
233.9731467400247
214.12988508138375
221.7644844291557
206.39479937107566
225.457853531552
236.36134964755774
222.4248367450716
269.09549928811936
174.36264063403732
232.401938566334
247.644966499736
203.60849772607412
192.92415323423492
202.2881055180556
209.12201654075608
194.61186130542558
243.58712106058968
215.63952237590217
227.24634738710768
253.0439137398505
246.06421228827205
226.85841058537386
214.48745296932248
223.28084549351826
207.86799081572534
254.8239977864943
225.21693560432522
213.41989786259137
224.3693243711548
201.96910670268133
164.19325169228404
206.14479896547888
122.07706612521271
385.1653950591298
239.5379125153121
164.316681689492
234.75743191058925
259.2754206837927
186.93680612934065
197.27379597484642
177.3224796165021
237.0860223929168
227.72993699219552
209.37972365662287
174.1489425114812
177.32032194026687
179.26016052759394
220.84103613067262
178.42301355561298
295.635897653928
229.867599154583
215.73648481505234
295.36597446704513
272.76396422790197
245.36055631381367
183.70712766617524
182.74099721579717
189.67374931783883
213.00073304803436
196.56003957998615
249.17142809711407
306.064156576136
295.977909218204
270.78981268588603
260.56567770666277
284.89354153627926
286.9524089983453
99.6027749223505
271.3385109771615
170.97286186892
236.7142380554455
216.89870306842516
99.77005457871677
236.62247639538916
210.5997126825329
245.7290159793046
214.0502199117936
242.76855074463361
199.16775788022235
226.16478297281148
232.86209512088357
212.85109636265625
189.16039477674389
145.83378035479745
201.65226293908864
253.95258806140563
216.19764295655412
256.9401238071917
254.17503896471757
277.9692539884175
193.91277286837308
296.6719888267583
157.80801129910316
112.51099806245557
203.11184800187553
245.2091812336251
242.63449283690957
218.91291733939886
152.87521438524502
229.3824771955925
153.37251214009092
129.64390908790705
83.76731459148107
189.8337096133931
103.38226234853002
67.4340564090667
52.25523529226556
80.25757177189632
53.71066324733738
56.994588295089834
52.35452819155188
58.3325372520945
53.412508054775344
56.23526801125892
179.73156270459918
55.20285163900384
77.63644658137018
51.67024321753352
51.99437634237581
103.43413578609432
51.5485036345342
276.6103060707002
218.26322410532708
264.0134104216597
414.3662399338689
233.1983859308318
360.94503627922256
420.73008555550456
379.2790702852565
241.09694541778214
400.79409353425206
291.3635053210524
286.6689681225401
182.2807293121963
281.1948802356721
241.7070540464852
298.3100757919586
232.19259922603726
239.24858542356677
234.5535948272193
271.46597197143035
270.9556675323451
208.34403015616402
299.00018203219867
392.52155458009025
225.8212362655097
286.9698553844271
246.93258352790141
291.94693949903274
241.28888382615
282.7898398245349
235.93302920483714
267.7531399389185
259.8911874577452
258.102842035324
280.85913012601566
270.2373482649988
249.5921251384311
225.7643094634799
248.972198519183
286.8013034948804
168.6052818005596
251.55725443805048
220.2273375270575
140.59483177704158
156.17794148264954
186.57261835252496
240.70186202319994
219.40838928079654
307.4443629411465
261.6409766693819
305.0444623274137
251.6258188274562
136.0086816123939
109.83032331752234
149.12513509310406
165.50487798060095
263.37996139684964
158.14921795376938
300.3566100289178
204.25217551438902
254.11415761791915
361.5469795599131
279.80755059524273
247.5028333290162
264.61868958079395
285.7605391834407
303.2919278358944
322.5482799430029
261.00672947533724
376.5877910166183
279.9466765495248
281.74863332712727
259.25608362689786
312.9825032092001
256.9302979927198
362.7439127544914
328.1966591884443
294.1501518024746
272.0390969842623
320.78638149875223
297.6699592720333
631.4948321693785
222.39230902500884
195.8028913720244
171.06736879209004
164.73850567592203
183.05449842691647
244.10987052065482
209.23485526058832
219.52755383002903
229.2583569239664
209.51199532980428
145.17141087449787
163.96254141954228
114.35866750802069
113.93485845306402
109.22853283737041
115.80259586092436
161.80598748240968
116.83028807515234
216.7455600490854
212.91525504760693
297.69479492470765
276.81615807734835
297.15267693303423
303.5887796000726
287.9123355143912
268.3081965850808
317.4171463595551
386.3078268663533
269.5583747368528
257.6641693888241
272.26045351590705
338.98370210896854
312.76524748195595
256.2648063780745
334.14540809639703
295.2975521061856
220.75399472486438
274.7999228347569
283.8734713939294
219.1484075806084
254.98224232777963
264.779251657677
341.0924667299536
286.7723406109301
224.47924777419007
250.35116216429887
288.32113093281237
255.16413857351503
281.2852832118044
294.51131174428605
305.89687037375097
243.73810683046105
333.4540247618704
231.39707207850336
254.1983568501948
524.4795628268691
355.11634625611555
317.59496631432535
300.19458024685247
459.5468308089816
310.24623804882026
293.960990745505
181.45160045108486
143.84694044986003
171.7026556099791
166.0689965638232
252.85173250365648
193.61320405886522
281.9696513231801
377.9877258165438
236.63126080307518
155.30120061845355
145.7160227545574
316.04605198407245
136.2132872494626
133.0309790592141
218.23777288370667
225.25303132195097
194.66427019942526
167.10068701991875
176.45891786603127
372.56512965739176
194.931198009585
272.2759213620485
181.50386366993575
222.21202318517393
240.85818068379675
236.3489208160152
203.03734712643052
213.33619813109797
269.0961395599239
305.1383921442666
216.38875167688036
195.86425146442912
293.14424816978186
406.59072041447405
259.351255897583
227.31978435813363
322.47156171134947
199.82670194422235
243.12597331929175
244.71499014586774
238.07598760473277
248.99770663415666
229.08963650100475
186.12802223180253
183.70809498111652
241.215523364308
255.3660665734618
269.7788179620475
230.6130258110109
227.81897092205367
215.79004222014402
279.3811364367119
239.70600845697493
330.7831177207204
279.55052692737064
299.6311229510058
310.37569563285484
220.95917117146837
234.34380999974042
202.85993389185367
225.2988893227172
437.99753682940803
245.73409873263316
235.31649669768655
230.251622570035
241.08317772263484
233.0649479453597
277.159121154235
463.5831964676879
300.4099607449343
234.08702658849444
292.2161571703716
270.21331869080507
245.9037107562668
246.7458778801579
421.14265571958043
331.7485668491044
374.9980305681709
204.56826647740675
318.9558696524625
227.056785728341
264.46598714484014
312.51202653657
305.3564969120315
293.21940917537114
413.6606954627498
267.63953885433773
302.2556148834097
287.3683383954385
344.71248022559575
375.378061796831
389.85550069266105
657.311870238939
177.55419282763484
268.1201109479361
219.90097013563872
285.3581496007646
300.75322513944576
288.5769956589388
287.0024023472479
210.53573558528208
239.96455222817886
287.5136987524884
251.7096415208004
382.5938117780544
244.99490760938673
260.6485955931534
190.20132550996345
280.77475946206056
423.1966374693383
192.37834174246117
253.89281307061052
359.92752544653183
350.1947472180524
269.9514049215688
226.54035386085508
319.5480879332957
408.85996372169745
251.85852569213995
262.6649724360304
221.13349564155828
303.14149505722816
270.62609751066367
274.6331011866754
277.7800854158268
259.5567444967673
319.4891749794507
265.8697608819801
185.22387955363553
224.41714561833427
264.631242732092
232.23694037848446
159.7802038465243
245.4639372507489
232.05061864626558
221.38171998631594
405.68377072988864
342.4186830241699
365.9749579353652
284.4219763587338
200.66655931630083
250.97124493799583
208.3118559602272
181.44567047715245
175.43954102571792
248.32424506316406
592.4037381886027
206.60892940946474
233.2149795126762
230.11120757822488
163.915954706536
216.42237259227466
298.41978458461233
214.96919739358594
238.38567635839948
259.7495311912035
212.90618662908997
309.64180490539604
235.84004220477124
183.40985555092143
269.4556729429067
189.3032817927135
187.5375489544598
239.59333498684546
228.71431845813487
276.4375884209062
211.4063073296577
223.16218740109673
313.7641004435676
244.3597760701356
279.9395074101718
224.5519682555707
282.0003065614948
220.530111836151
177.29563660375868
189.4211598767048
172.56490409971042
206.62839564903996
186.11871737887714
169.63855933252685
233.8961858823089
268.08801140969786
215.28629218639796
205.27519769055124
226.2659104781286
248.23049920454326
230.6280586317789
209.12118188453252
282.7199748513051
328.4278441035657
295.5186836505168
236.9078390649484
287.6589426550308
317.9755269888879
271.207944975676
282.82998996841195
199.27410387236506
279.469785618212
213.55694247795276
197.9800722041749
243.4094498069782
246.0828820245316
244.7470162758028
304.42793736553455
220.22342747528324
219.13489049912573
175.8865345860607
233.8273766863647
213.67859590415708
263.0950232133061
221.52829792409605
226.28778202534997
188.79924510254511
317.6507605299773
249.0271049190104
259.8197476810969
269.26798172485894
233.96940220429516
254.37092007136587
251.54971527875887
296.2324555732798
373.1201733231763
245.42296217699462
234.36940500946608
289.47517603362763
377.17906369787585
289.5275837776988
211.50400555942653
266.2766128129588
324.06867295397967
306.07479133459367
244.02259235909563
383.5756376685829
285.1953787962582
298.45315329144796
424.5186765272166
195.15169625926865
253.0904543688011
382.43102762354283
375.55613010675086
275.4331701418504
226.7795682039519
268.7948015718949
219.2689927984059
209.33670635199633
438.9603628219484
345.87144363866133
382.4214386402781
279.2305390665741
293.73252605570246
477.9833114122679
537.7605201272071
209.1925023220206
274.75589058893877
374.33025677224873
216.3636722518406
376.34553649645375
204.71898969934105
237.523337318179
199.5744454175141
216.73818763900093
215.2295681922626
252.61752632522757
242.56785768807325
236.90042818779025
233.65751368781807
248.43046856288447
258.0339097947495
388.245101699144
261.00305164852307
260.32026001240115
197.4405286184354
430.9893299748868
300.0288516515053
274.6167462914064
401.3357153667735
241.1982273617825
406.553979098968
255.63879725077095
247.03794986787355
192.99541263669238
163.8460798804669
221.67065374301694
206.54065413459793
170.19380089778156
200.93840104618738
158.89527843870925
296.69969062973354
173.28269539166493
160.14867408447552
158.35389701791019
165.6846312603651
213.8964817173764
161.97773000318034
153.93840308206387
155.52656653968307
155.71919954885996
159.7215040249779
168.79684341805478
171.72192340089248
152.1197499209077
185.52580803744547
157.77892091340777
172.92166929688568
176.21111377856712
188.10624190590093
224.10840166025292
229.92496449375483
196.7845146446735
149.37964731956902
249.14948042509755
137.33800564448683
163.9464464646298
150.90390230875647
162.06419201757132
155.92033273065314
194.71862945358922
181.6488394434619
291.1378281428665
210.32536167485483
190.2900886692625
431.56809109927747
282.8566214785492
174.9912183689339
166.56887484979444
215.64179366365806
216.85555321042173
192.29693312021993
248.2209819393093
249.98656057304873
274.84383609668964
326.01527707021205
214.61314678912188
170.4556063405953
208.37926203074142
353.1103916424447
343.57535704834373
267.39662955407374
414.6971181566004
179.15624776198052
218.13149233647943
245.7560454343746
386.30322918688773
183.68390643325014
262.13054130448467
364.26153700176064
211.71315635101493
229.18635854343285
405.1839940876888
333.80675273209357
279.09834201332995
274.64685276764334
370.432538143709
274.52516920292965
282.20829962419344
163.14199116005713
332.8248165714756
296.7983413827934
201.10589550171085
277.57940658659135
243.12682159436886
263.0373953145422
269.11911536806036
257.2409007802862
308.5473562858787
295.89175426787256
263.8568660577756
188.75587178091126
238.58238179862283
336.22837111944307
257.153176866033
484.4245796612374
299.5675676061731
311.8589815385287
307.9512941297451
254.26989133779472
345.4270000884069
229.45043512857555
295.13786397697686
344.62109608822243
171.53838333102757
170.52630673588772
298.00723206036275
372.1015803312459
252.60881778184694
273.91858227902924
199.69689024497205
286.9392450942834
264.68044952835953
331.38215553941075
185.3769643013956
272.36388135418105
231.79822865218125
216.75733262489413
266.9405807753689
281.7321149299468
289.6413131150241
378.31062182428263
212.0104543322475
213.95930682738583
238.0844363555872
291.5455235098972
229.24210741609045
407.6837543460251
146.15943338261772
303.2986211712321
267.3715250300904
224.39153220567513
367.7477186011517
307.920848270642
452.2317248531881
228.65231973205925
278.20446837769765
246.3451098437811
250.8673235858465
193.7587341118727
348.22169858776806
207.3364658231605
242.26602716162762
168.99745619012782
371.7950496772785
412.21766724315546
251.70653581138555
441.20018313917785
182.04783456020752
213.8819676641913
229.00026220311662
361.64224096106005
264.69172500164774
226.2191432834739
162.09292493638108
266.67140423203296
172.1065477419594
282.8396185830016
174.85046515240302
167.71854199982366
153.32286597391834
256.9070115189324
324.64388551136085
294.92079507329447
198.11223384773692
130.07991046575307
299.1310230335062
211.1116474007824
202.06403767946162
315.529331727962
174.64115494857163
375.9657629755711
379.7792827462985
335.4237140534725
331.9883678864068
286.9806301701026
238.64515181249337
267.1853289355352
197.35444017607045
296.86456337043126
255.6192015290113
372.14662497826856
281.6094236420421
209.568738972515
405.86997956415695
252.19522228338994
216.2855267433357
298.8183910720668
254.1700315592535
311.64869459929037
220.36022165232848
178.44517379353738
207.72139843974313
182.55762282778846
215.7993267513594
325.38607095303485
258.4867959370945
365.3970695072883
524.9741096695543
232.4854557393813
283.7514981976508
402.9969741924019
266.93394339663206
300.43824686979605
526.2313087968658
463.8662644103743
309.8627199816154
237.6724969792631
368.3322703787607
308.9038064525247
301.0709187662821
324.13260806488324
328.44458753150076
212.69777478555662
389.63238726574485
441.3326517639245
269.1135705583018
263.2903168561546
280.0892526252495
307.1155961372103
492.4708702361578
289.21814174281803
414.07397145631927
253.35884547587938
197.15245698445207
366.79821818452103
174.32608232109376
313.9486319059613
192.95976970227946
333.91523021192876
383.5804698439224
453.8496002494848
332.8946775461727
191.7351819805645
367.0541949484094
292.3437475619791
191.0784249759328
331.5136948097919
196.72644695303245
239.33590531079972
248.67306398000864
204.8852562421155
245.39653202190618
214.13835514353798
244.49748401416178
229.3728893158558
283.0413124471129
164.99318086723457
274.6620909436442
196.44574973417326
214.3011244723506
233.55116230047398
352.217483703091
277.7280454890117
333.407716712812
265.39655627554936
232.61070512066095
227.28108355361948
187.96224291330446
287.7870835199684
103.25175284590735
657.9699216805406
193.2460343548645
349.22309990332
201.71604690266022
294.49949855917964
383.14337363116556
272.9312740065489
250.96045540377827
217.47302047159067
282.79940792909656
296.25612845791164
218.57972582266726
199.79505043844085
237.10849549275562
186.6411419796506
171.82424619487617
347.8583743723234
209.63635585480228
132.03423297758712
376.0223732317199
445.5976815193692
240.84752739878869
160.45372245588766
247.3460369597242
227.04120426556148
233.477462065634
485.5196037703298
302.735962562518
238.22753135848012
227.93074053583575
197.50806866945257
264.32175378461574
447.6483260486891
289.28963934310343
209.32175236699615
244.32161332042273
278.0780751663178
409.2779315544276
390.1136595183555
228.08803074164507
266.351919918204
211.5766139191374
310.3462006732325
224.44366569800138
258.30073337935244
260.548283018459
273.54406932497693
264.9625642503018
252.72381212699477
594.8566657368698
297.11968317929643
574.388108891283
307.0525889660414
382.1388769555962
424.364544677095
307.9662843029053
229.9405018548734
366.8074056933696
306.25995808070905
207.81133231498268
284.35843706491477
205.65392261858238
300.35478412566425
246.89397438764286
268.68698393961034
298.37726291285037
353.75549661986406
234.24546953531748
410.1113613100585
259.324385949777
180.66627539488292
215.28253967896424
328.7405534036166
185.69696018685624
174.17341423405892
257.1390603203737
407.6366807089294
178.55788891695144
263.9483690456823
229.046544928949
172.72123840739357
170.82141423818183
379.72404414472936
220.94978651058207
379.7218272604329
330.2110275505473
282.971275529734
236.02279693428838
238.448240930224
252.71179175803235
158.63641943817
157.27341779655654
309.6925864656249
243.29003856768153
375.4376985821836
331.32209459176585
250.1557364556907
319.99102854719416
305.6020406394762
289.0310193637324
249.69943040881748
264.3348324470138
167.11560543690098
182.81876462185912
163.10565338905133
230.22613716500294
158.11717498920177
176.67674937452963
184.66988734065922
173.7561152853667
217.71182278135126
228.62752540225063
257.0656046631481
339.86062488169637
303.85993202389153
242.31425654258368
281.5280119329479
277.7302945748413
171.61982701946738
227.90366124279035
233.1724209257647
143.94784478364096
338.1075301968407
272.6119429189268
307.4628918217487
237.75578804236935
279.1778050862123
264.90867720953014
203.01447717996317
256.46623909467536
200.08948980917154
246.48403979680296
313.13661669157835
479.6086268815646
225.91102618454983
330.85965474575
205.10092103976976
202.22672782843728
206.34269070832366
197.28777636132605
185.48726923961325
177.37227132692954
219.5230296440983
174.6074772512362
142.31121499472587
187.31652197114164
179.367331084399
371.0823578104572
228.62774661441142
216.5924030555963
201.41641105180366
210.71826526645924
350.78176915098607
217.27755525125022
218.09317022015165
257.1052705534377
322.90508137115194
181.95725937305565
198.01289782394156
362.3102971986458
259.6807102246967
353.1271483489033
410.4939891122072
180.27415501046997
312.9941496938328
355.2208888798746
527.3221745877936
191.44415622039546
241.57858513958845
204.1692843669387
198.10909644287597
273.1970536093371
293.31113396877873
265.475191611124
297.45532964580156
298.19988697819775
275.9671285229864
229.71466202720922
216.2215064362976
229.58269031810798
230.20365617902635
337.10526763460297
295.0684741021225
251.9127574310625
297.3754500425891
263.3683665099114
253.07567850915967
227.53795653285232
238.75725653735142
271.4490834184657
277.02079567247245
424.6034649790582
265.2536553080663
244.91350458530087
359.706799914982
260.7477052476442
347.6810046582966
433.551473726709
411.335421994596
295.3981980545776
349.52720697508676
361.2428987099533
346.6847542139397
419.23954331701793
316.79875233902766
453.4976244387549
344.07433372508706
206.9189841144906
359.19886036783396
456.23412780025035
214.98218163722342
589.5502764904551
385.710060607417
273.1526555778841
399.07757395757386
251.59678142418863
251.35190909467664
315.9698086872545
213.3617161960484
336.31014954131876
240.84233292255436
325.9836266232184
332.44947525399056
212.13374517831585
449.05526339899717
278.2389147645066
258.4011708825226
166.06171481273566
435.11395061490987
258.6323464235169
355.9481685760841
305.26687048957257
266.3184554709168
247.20387221270258
164.84838187146875
291.5497381510259
435.661937600748
254.98375147055404
323.53480273111916
363.5625659333578
338.3490853413502
331.0157475107561
297.6650319843698
577.43130347635
321.8479560324719
633.1691307972322
342.31374895628096
290.450188430503
277.8057305671996
343.66483557386664
279.1988778532031
364.2457956504615
217.44762048437315
397.03852834425777
521.5374651695957
244.77731145706124
244.36125704569204
206.71801299542798
165.09736611162694
251.39741578090914
322.41939547714526
199.90647094848705
212.8646013805609
238.42042490442554
170.9165503998853
186.64004597929232
209.69445211494107
234.58881296122294
335.5177557499754
188.99900360238124
224.33208387728988
293.1032049447914
336.33942885023896
304.6171175779004
252.04440618589953
196.61494226100967
342.2894453920814
383.84315440893494
324.5135866725791
353.4608962033687
214.68591880813085
246.16438881088803
297.55023912171015
316.4960026281909
424.1357512281602
216.1234329765435
240.81872900493704
292.3763083954219
340.83592303568486
271.03409017995546
262.75549451733394
317.6014631200661
366.9493067597742
406.3683164122553
233.30257030271204
259.40289529457056
527.4105295769405
327.09408186317563
387.38672869352496
328.84385304663664
287.9934964111084
518.0901465807978
216.7051614462536
327.6285052545595
402.33254445097714
201.92523262248284
208.90842926071517
269.35644879772923
201.7481820117341
253.58498626217815
216.76500784344546
188.22123131943124
239.3730012949514
390.67782787366207
274.5078034263741
237.8734162132316
357.88115917957543
674.7345005527447
405.7461664367289
275.09817679124814
271.7241935848663
291.06895336949884
177.94971939157728
309.77369830793293
296.9861251985855
478.3385653840831
296.80654493122563
276.7411009157169
384.49766992005715
299.0277350208884
401.5604226207349
310.58078961050387
300.14128036623566
238.4861117548913
188.21731406627194
295.5995792258707
444.8938131996669
242.61080117075394
316.85970533459465
369.1573556811397
363.57848791796505
211.93506342400696
224.2325172913972
408.8961205810007
355.7099281073327
358.74653465765743
272.3903329045492
179.8597107585864
350.8411882192062
288.3171643882864
447.65242751407385
223.12204756568045
235.00952971183025
274.91881098566535
266.23790408395894
304.06789979963037
323.7641775724492
388.4453812008409
280.30504038788604
283.01032754428115
288.1172590844451
188.07159892903277
176.6913422998426
393.48550461812835
175.35545584835276
264.00830013583357
224.16162486507156
294.20583493164594
326.90946251985196
527.3319309764407
294.6048387303048
322.1176170928161
294.1283684568026
248.5178828308688
321.6337594350672
251.09063065973322
576.1346312200253
403.1620396357485
256.7922961910666
282.18483779744724
368.00005423972414
353.5682518998751
194.95599049682244
269.7540731549488
309.2549203701221
147.21616670516713
207.26499760975906
259.99370831389405
330.0254165321297
481.62440046367533
393.2052899242258
269.2896462956455
396.0900624087999
312.32776096355764
189.2027373623613
291.80191602135284
299.014289869502
354.31839900930356
350.645799087199
407.28287052112023
257.7309815611529
268.68710107253884
464.57092595920113
493.53062435608973
260.11106482864716
247.91102295723704
434.020775868812
367.7222150598468
377.67378062732104
335.14362318664257
399.56156831577255
330.4499386513395
354.80389462781665
928.5069381415258
296.6867364645754
280.837057099057
239.8313181621364
207.26645169057716
324.9427731886899
308.778942864841
369.3059310340822
380.2385101072708
307.5915092042055
357.01328034140386
301.56128629389355
392.17299003166215
423.29304829036937
289.0398640163192
308.83037337369666
341.03860834576165
307.28994495837594
461.34473039338667
244.20286065769216
502.0133268727684
254.17830900183336
205.11137351894024
397.07170283204
434.58183335852806
315.1998104643253
319.65225891830903
133.5064026256782
248.73484962886633
211.88646431329886
205.33896560081544
293.426149492577
357.9691821810979
666.3391306185839
404.07655449982053
431.70926072655783
326.45427746600893
286.16993535237077
241.74963914399154
254.55210099929207
271.4240818709881
334.6027165880549
310.11711488881633
497.89185011252846
399.17705469030983
290.7477855566206
583.2056355984367
311.3899517700186
243.62286071436154
364.16934249435946
799.0870531075228
299.08688998835197
349.8817452302594
473.926415757329
461.99884127966493
327.5661637179899
240.57640988181566
297.44262833911165
324.8144823579235
296.36266166587615
391.31586382964247
203.972849756444
262.65872204253543
399.12973902750934
503.96761124114397
314.2418345775026
333.8934683370475
319.0832783318645
271.0942269695494
638.5489760228494
352.7125487758498
347.2873010776864
246.83822374113507
337.1328777910866
273.02832903071027
457.8086554636165
360.4934339105064
353.98646317738576
362.87267862764105
459.78184256841837
476.3491331559954
537.2233955484861
727.7030317369369
397.10918113233515
392.1234433758053
326.9736905130291
467.03186676855216
433.82969612476165
345.5215875967348
277.4209163329748
306.36365027274627
197.33526130115462
266.1442806080023
445.3988579417255
268.1470245043072
592.2167994899503
362.97727269417123
394.72695988147507
298.6000593692266
185.86461168599774
451.775004073868
244.32858445468912
331.27222304315745
381.387562215258
441.5383324925407
769.3564933060642
362.36594188006563
443.6597488977389
445.02473940838036
347.20360322014835
171.9170219756629
274.64195468435094
453.62779551020725
385.062578876894
493.77504519570067
422.11599165645225
372.80994958775307
234.07280255554858
279.23784765214356
270.6796545539045
498.2399425649098
627.4480916264476
381.38619034753873
235.7497654930449
488.7203846336361
321.6709625023149
390.9486016693218
245.56265504783153
312.9492787425005
200.42280482245482
634.4369313517957
210.9940923734685
302.73242786609285
149.63413369142606
117.54949630823334
123.65009659108972
112.68041013931567
208.06088397159652
160.01715669131517
218.2050920032134
172.530704165806
423.7396088845621
345.76467032827435
267.71430616801956
489.15147903682686
280.0058995510937
506.0525093071414
300.2765149982898
323.7614762019842
409.62916704755935
321.66070973589495
302.5380233124554
468.84152117368853
351.5755880863015
397.4521449996814
295.7260359798486
319.424174355486
377.7840425401985
530.458477500467
320.73086443571464
332.8489972140628
458.11418175995107
238.46077628820692
211.11876151308468
301.99406851346555
382.99793158197747
322.8715317880007
243.74554748474716
401.2351898123512
410.4662360081921
208.18649806579398
244.58538072164774
193.2871668775201
292.8533994368924
274.9209339890019
406.772224270178
390.12050664689707
280.9629375848401
178.9655403088755
211.75051285966597
184.10280096299064
277.9896447327014
604.8400258912685
186.37766099553147
559.4335910593912
434.77961442225006
454.1676627903966
206.86744063871888
231.63706596282756
269.789779328157
280.65214790037976
376.58637825581087
232.94848256189044
181.97757395756287
210.29795981789817
689.0220262902764
312.61448252921275
171.4852615176658
505.4505630489411
517.6983811255272
285.1067904345065
270.194076571825
510.33293204501547
249.74638104504132
393.08778680755
530.8214937262035
309.0004730502888
368.8405116472705
440.66419831361446
188.65578370214678
298.3457270736731
290.1555657612201
263.7856795123316
215.88152096930554
222.72366560088068
236.53579948698984
262.2785952753901
194.0536901682582
250.13196356140574
369.00290184586913
330.3359240924271
248.9086652509047
179.16081717602924
249.06393661676304
403.85584478294703
302.7437022206703
326.10424131329285
337.79735268240574
276.8201624073572
233.03364791215856
381.5938896496446
413.72318205027284
386.56251430679646
328.3388649576315
577.1491399026846
366.1269451335432
438.4470371346305
285.91364281043576
287.35156366379886
250.8907682965261
206.64269467739408
601.1934847108042
403.6734618967438
275.7059664478013
457.7418401551459
529.8499524617329
702.3938698263462
642.5954227823355
229.5963244261945
309.72046889707224
404.53413916204084
646.0971402486803
367.9694174263062
388.26990306932385
390.0483539183123
468.60906749014885
311.9796469324771
313.51863833832505
259.597000103317
278.61405415582095
254.72534531999375
406.69805633234336
289.2717900795611
342.12730355858486
275.4541887215786
320.4054252830541
424.54244220166936
413.54308274018445
444.94339835070883
312.4112823958588
322.4039654601843
507.5015317111723
332.558723695927
400.41618497090343
350.7791592561085
401.4047560798817
341.6739996851561
295.9507593670863
365.04877035910664
497.7656782683329
560.2027323769651
394.0103893142704
496.6518927112808
555.36795811608
425.84584342172855
375.92284800138304
369.1639316546305
437.91430638956837
574.3249195197608
146.17242226889735
169.6360441277936
370.23544251250274
300.5001277339188
238.9557773715357
410.9165527225291
425.0954885791573
205.73622040713482
184.0464681524493
176.93365799609543
392.093335059275
268.2066310474414
235.4999852808459
427.6002415828973
248.1060138565188
294.4171286023205
594.486943323865
386.02382564360147
311.9299252527537
416.091393354566
359.2604572029091
291.7480587997162
295.45019995752097
487.0340163414015
294.526903572718
205.16841392695335
253.4005261836596
169.28511216279549
184.8298002069356
179.63826138554046
158.41388799518086
186.19955915539418
305.3377454244763
270.91474237173503
161.73057434886763
341.21442593296337
654.4395039235587
422.11807804180114
188.30363108904479
357.015315938033
404.3075545374194
901.1923502278667
247.16229535892853
197.77427966996422
225.05482323385147
238.5796206507759
177.81474359071396
241.09282550201468
354.4010954723935
442.8280290841028
493.865142061033
462.893795246156
469.9588545792622
453.70533070477177
447.18807368430055
362.3152234360885
494.4072267144802
251.8960899195939
332.1080313779946
558.3996929758757
290.2169752682081
408.9736795621317
245.8646473561063
342.81512411251214
474.166830806646
474.51947496800324
425.11923642743716
170.67365649850944
390.046243259967
271.8041312054245
354.76226962933424
442.6620243110301
301.53684276748135
305.0425274931302
277.0129866844678
293.0848524514875
325.62274201720027
350.5994456292585
392.7617177318751
263.88332728779176
281.5389096944789
421.0243556755384
314.23224572370617
368.16539277825086
354.71494876175524
377.0070192055772
338.92492399588843
309.56397559618375
381.57061635528004
635.0647516089916
303.3309076439873
401.74282765769834
307.29624282289274
356.9265053068459
294.2115278478903
409.2135174453314
339.2131908596307
429.473232789267
202.04927786827716
414.90911848303745
420.33402062440155
356.0841114733682
378.2694064623109
370.9551852083469
383.96936549407167
372.3948848074192
401.2080155534909
381.563126106436
338.9840037014018
391.93373993217773
660.0174235155636
343.49439587807524
301.3003691892142
362.7606954492099
753.0433624073157
322.2618901775715
346.7619937620862
593.083447135078
350.63069741979
274.52460273387845
372.2475989123495
268.96682614881325
362.838202640674
230.9418399874113
390.65098070797296
364.27469312774764
311.62624885319264
228.1182887528648
392.58316795792337
285.8915767121286
372.55544891039415
432.4245372968515
218.8942590197438
449.1088063579859
273.050804955849
444.86200574757237
312.13493943916257
285.2380663096276
750.3549699258846
374.73012220567455
300.0745461367609
244.16194674645948
262.64837436353906
259.346787076863
187.50443466563604
623.3813876317621
507.40475362676267
260.77520825559
209.3966794824478
212.8962048167425
236.07887275941832
322.9593803444094
367.255132220739
441.45096087591486
469.88472020853044
426.0788601452664
568.4797193043439
376.3341808059874
438.6265014346019
451.4119265401417
278.3765897208452
412.59848357642556
219.2935428014863
330.6694118699208
384.59036261300196
411.68207012813536
564.2053645745015
519.1916785391825
556.0294400598194
388.5034445331246
336.8226499668657
242.11389197280675
349.26757783455577
326.558140625603
277.89640203005877
723.3632749637433
378.3912524047035
434.4962930606978
379.3986081108509
472.9123240506672
372.4841362927818
596.5152072639595
587.8839281436559
519.4803391401919
256.74744758399936
244.31505253472594
612.9561358071992
434.1899483367653
206.54097564474372
325.8622499894552
365.62683317494606
366.3172847001822
309.9305360458713
363.0814391489689
568.2173041210024
615.2035641217168
235.85643797242096
347.7951885800081
554.5855388912956
488.30394279316926
577.8315202855433
389.893601996111
311.4432091685274
245.6026420361402
286.0178099085782
718.9075738861238
388.73541187862554
325.139333790745
533.979773891127
874.0504622370952
402.06903235349165
359.05964276047524
563.9751226915429
705.9104656927194
380.92838985718527
292.74961695322105
298.7320052883837
386.3493406337988
376.0686313803004
466.0611011033768
357.28900870905846
349.3331330560634
232.05389472885193
469.0648774607107
458.6320004033785
321.5661307434263
313.8969524758848
350.51177633145886
627.970523351961
254.39084953408982
408.0156866859756
497.7263901234011
412.28081374056376
273.3449754359602
627.371076294449
393.4843628955093
471.3734171076121
316.98329413345573
368.8653316811244
243.84404939315618
301.3614775761919
289.0939801060636
491.2835152956746
374.58647891477193
335.5298738015878
294.85813409927476
268.75950702583265
472.97194676186564
327.8468247155994
275.13625967853386
282.1409936110784
230.67442687066367
443.3466792438737
221.92867221020887
293.8552816236964
475.1092839736214
393.5812538590453
561.9136145852805
393.4094313351538
325.03955420895176
363.9625994169392
396.1774646189546
216.1879007500248
312.40902578215037
329.9759698655927
394.26150814196507
257.9296990246075
503.24664798897385
322.14980917213586
267.31484966460516
332.5623776929378
291.9641112603847
322.33483573630224
286.21896330829134
315.76216347240756
442.34364481811144
249.6937766227919
224.8117999014959
364.4666716718557
434.80684376295943
394.14183985217926
461.2844725902435
338.31783655782505
504.98297186414374
436.7383287021004
648.3017604648569
548.9397667480051
353.28271916475165
400.46786383863366
841.0559099677699
327.17768013415986
278.5658874978067
316.26750752509383
364.7608282251118
291.30666249418067
498.4942895145603
386.8749786501664
348.42407272675865
474.9640177701541
492.4040453463906
307.12538661155327
828.6048573338414
395.1586591809445
291.794049043196
505.44598498869885
309.06003967272517
508.03225557163984
368.71211612893586
344.8191260531148
467.19231941908583
640.0209117309292
376.01350091765306
454.45357272035454
274.5264009943187
243.7046524699482
276.401701736108
423.98237256928604
243.65112690993377
388.3057434581702
268.6040263238819
351.68402325322785
458.4491905884065
372.07993312897565
441.54987441167214
350.81386240570964
729.9694106489087
353.370926958268
378.9419614598522
491.27383395784113
251.01035277537858
442.816101703834
334.55144941616123
423.1144169222984
354.1085573408199
317.0786779118295
386.8927033906522
360.3570855300017
379.75653727533756
785.8684496883441
455.90764901410745
441.73717879614264
342.916155476932
284.30931011808735
445.2749853397056
331.12472626511305
562.9068531720442
452.46695467718035
297.3403831457244
664.3355010952253
377.37047806942576
365.64243449764393
279.08939871567077
388.88733246964085
262.05937198685774
242.41801572960642
212.31071509760545
420.72366407057893
527.9076653338278
267.7264404283303
221.06560715769803
310.0358461563779
641.5127628720516
300.2950931034974
283.9588942602035
474.36835188397635
405.80707108355233
301.564554505732
366.5674712504711
309.02473987900714
251.09303973875006
314.9783633095832
303.4687829519942
461.0065369107771
357.6841769993883
323.7901746682908
317.6874308792287
358.4697419095422
340.6110914023564
352.1927567525507
227.0363498483229
382.6769060747251
431.9638148304207
390.3819707934402
432.9953850532811
199.99843226767644
175.01196641469093
157.55603380168927
342.52431413843084
433.3473929248395
335.63328527982725
439.4906609884261
342.64432097976396
350.821990982227
369.2129792840727
409.1745351259569
497.63545672210785
224.2187299324316
289.45275855182445
325.6007496472353
338.05221187246923
406.5229493792829
322.1650943893714
506.47102423497034
348.71006134201514
336.3612384987712
297.15855377196385
377.80012171176514
343.73953986101185
762.555304480335
323.6017210784198
523.5471133521486
397.8086122769949
330.4302830919008
389.5372955248404
705.3615426117373
420.64338372327785
372.3821998708181
474.6242536979644
359.1067217964103
401.08300544745435
443.28738806367363
420.415332374503
342.3681055472466
448.2441836221077
364.8294747679069
315.8340230458034
485.81080635951446
298.1760213932457
387.6736775694657
582.6498077306418
257.8526145375388
315.5373957251936
222.79542028150087
217.52430357641035
314.7659408401215
510.5634329451305
342.6580483885967
330.7503939892841
271.08366157295285
356.34502787163854
566.0207781531677
695.0784102061212
374.869336872158
480.83786582768613
361.7944623586605
411.24047253178657
294.26670017596643
428.25197715322946
438.9058348270321
384.6832012842521
307.9570391099614
306.5806348111822
327.5608209516273
441.9976473304
605.9083266833178
388.65199656530206
377.4813247722244
329.0408510734538
294.2338276273011
254.1667101422014
412.72082194385524
266.6846622652065
403.4155820808803
303.69765480032106
624.4203494057647
340.0033177549375
448.0382288422266
348.507333032885
311.68217507444723
353.7284764205817
263.7873532280382
297.56888133450593
270.2340503791852
265.9551146396364
541.6022887857065
355.1446242745985
395.81253062441846
549.8578782839003
357.05751983036504
493.0250087165288
454.7473680287251
351.8507086499873
440.2864184993474
301.9592922914883
308.24311404718276
922.7735193079433
432.6310954378787
733.5286690953451
565.420518787736
341.82855610493095
278.1518493516862
588.2647440296329
449.15336684339354
372.3610264992327
270.3077309111649
410.7331313317832
392.3365993206095
189.9093376033438
173.78073360078565
233.8188890409788
247.2563715530505
238.39150654186062
274.202597195979
341.00307634573846
682.4916686710569
519.1984408823374
326.74664764267897
209.58688337080486
303.74724866686876
280.0759893800344
433.34665782083516
393.7691525360426
501.9145425731172
660.4412185367154
417.2081900632568
522.8837814940672
362.4039189643798
303.8484471313143
883.144032066405
472.63333399074776
502.3183316603333
291.32825977732773
306.75067025001
366.0385601326379
300.46070387850665
495.0042521830508
348.3993637847683
582.2297757977383
601.5105001165248
576.1045993663869
286.3286397603975
344.0056969190192
506.81739111035796
299.7404593145183
392.4859698697341
358.9434980419109
567.6799139300086
715.7871785092389
214.40920892521228
586.173834226866
310.12279048861933
307.7772675530038
370.26521712821744
488.0150872148169
388.8596134135491
311.01722916068843
264.60232324077975
525.5488183084718
372.67529940737813
966.2306993859021
406.10034031273415
415.1860051114568
285.6402074833026
694.6119850288735
394.2189442947375
411.50881656111414
379.44439119565993
397.887787465132
245.21378524137637
248.1273368664842
255.8477814275269
700.881414034787
321.4280672667492
486.65806521773476
338.167982357085
461.4099567587192
275.8577183241403
162.29781171392546
638.697078755929
549.4261023368911
404.4788003854334
442.56951392778717
289.54634091838386
388.1272391535933
383.32687678940124
330.2293346280922
418.72261240135543
276.12555921270126
613.9544428927338
318.66201616023324
488.8638095130246
387.0701504686013
606.3773869665979
309.5689876279487
518.9143595115717
776.6337515598474
355.31053728674516
395.74543095868313
394.4702549791235
267.80215646826946
457.87359436701314
326.66097886564006
416.1553424353908
326.75718066159254
310.6202507118181
366.9848859398432
357.82303223135926
877.4359059708605
539.5091638231186
352.164577816465
225.52499531888745
274.73412296301416
226.09078056890004
255.157060538869
168.097024124059
212.88163279267772
218.2579551199166
197.09168688931834
251.56757440606046
208.94110664388484
422.6448788960162
567.1735876703244
419.19597837177423
548.4169276713999
621.2420081519671
252.55490685696742
231.94806895717554
204.8373537423267
318.3772851086755
256.6099859232425
281.7280117347186
676.856994209958
268.3237557929743
236.84117329614648
452.9700855182279
314.0060075247396
254.97703747673484
293.1613407780875
267.9237599724717
342.48754968293133
586.4976683082916
390.8671236589025
581.7641693738343
302.9518907502466
716.1721228048636
458.0667142674754
473.82102964413326
187.4523430425019
173.90549831195435
144.02244697165042
258.98481297454015
269.71496838396865
165.7410793793015
249.25982401188807
376.83200759012226
292.13979460779336
254.13031811767354
442.71915952422256
299.02770646456077
403.70336785646094
420.2626237989131
597.5413453365762
442.89183579891824
254.8326331061506
372.5389751835431
337.44102031231773
244.22920693524816
663.5176947771104
281.7890994263689
321.1127112967762
289.62988591507843
264.80151244672606
463.30765318812263
376.944865834172
293.2451166645096
331.1331584680582
499.91817827998824
388.3314721201344
405.8557540997049
383.0644411313067
403.1876838062973
291.7502816736843
282.89066802244673
196.1564283299266
529.4930115471592
380.055643355411
376.60112372135444
415.97063109393315
351.37593980812517
434.9541717527057
305.88351706535946
477.68862533656755
384.3392096950448
528.7087221825486
278.9311217365494
356.4440127711486
497.9217628275071
280.5882285357949
442.6450431757253
247.04873912252805
269.6121435924004
431.6282883698602
313.7486285835753
271.7938506025718
492.95146519264676
486.61388504437554
368.04751705035727
870.132627150697
439.47113377836956
499.81990159636297
234.68970598791515
565.1454260450113
352.9744181408583
373.16442517106987
272.06107659846094
752.7639503669984
961.9919022021805
442.5932898681435
612.8981904457426
476.5123367255462
454.3625376089821
376.1693595601083
537.6467573297141
394.40758894976386
335.35039802125743
513.4830516734057
395.90376080546815
292.1594782802647
305.5433687291106
345.34299988693874
373.9574542051299
357.09781932949966
202.38857305316375
387.2744895651073
282.8584391800399
413.8246805252819
626.5123864436455
297.54292940113476
445.7827927503962
354.0644549208543
629.6806310221543
461.6817043535438
346.8977495625842
651.2719212439494
683.0363378171563
479.19601467916794
308.33999515756113
319.8322297217576
584.7074791028728
310.9060696368297
573.9933038974141
659.3873692834319
573.4290307826399
342.0543545499451
785.9592477470861
454.3065062809311
312.1376865255326
408.9477792035892
336.28615310664713
466.83261111906234
603.4178906073878
264.5999673772045
445.9260039878696
346.1678175940249
287.6932091851412
324.94921552382345
289.69477660763636
297.9300024915597
269.2122756101244
291.54019376508137
313.99301145906065
488.4726142378693
408.3256028016459
400.24661576264685
361.1794875194297
469.4331621593995
415.1802389979025
498.9503499297344
647.453984630456
408.7088730870972
519.8797031036859
340.693125363842
336.8163511705974
322.86908371113714
367.5923494256419
244.8075402801085
479.40110461868574
398.6548839798993
426.23078907693827
280.56681542757974
432.6465188937148
335.45977254201756
326.29252729977526
322.19561058520117
511.9494451791165
262.0186246553713
348.7691753241183
550.6299865744977
465.760658343523
460.0154184186262
327.2711279140156
380.2137774615365
414.22766711612024
967.449361786011
518.7070997787694
347.91671057414123
353.9196633582971
456.66404333860686
566.5275395788103
362.9667658629167
384.70065371718493
587.3447539934051
469.4422711442896
402.38354976727453
356.2409203993462
651.6320013500314
528.5107453006516
368.2123739597052
434.07790516796473
501.70215116752297
216.53860808679332
358.5779978212579
224.7723101179712
364.1944517111794
223.48743209882122
502.5944231521648
465.14036747601665
663.5641925312855
553.1438426040761
309.8327717815322
339.797482179847
296.76864893634377
537.7707633700328
443.5335674837125
340.4033785646312
336.3168765471394
345.5616184547186
434.08451564809
431.7646779075222
327.47972516295
413.1392706705126
543.4904477892507
780.0010637181213
447.951354965608
281.09761287413914
417.8450246608459
579.5244399446286
248.52547881669324
377.9319680091686
398.17654531259996
585.7569046899858
313.02349877454503
502.80259915329486
660.7181503987616
204.80986329077024
287.50437998406477
267.63383155069874
415.0847444464909
406.10504235176273
611.4014322483322
246.19244267697772
675.9865001715682
338.99963804703543
228.43299899553966
342.7516938324267
383.83773478548875
349.01288356786114
439.16200852646614
345.5576809760935
293.0448366924095
325.8116817494292
337.767786975234
381.8480886112393
509.3892042767128
305.13868821469276
283.99081279252385
514.4766253511001
408.4693662182459
624.3843720582839
554.3182539444863
454.84006504290636
317.7356092403541
623.8558929877181
503.432160119425
509.2731648819545
789.8557893937797
531.5783037251678
268.92979838307906
201.97914633303077
230.8020982818623
320.60560592622824
335.1330699669592
419.970922803558
418.8533772781538
591.9976001498233
271.42986074180163
433.932356390258
429.3705695386515
352.39908405931095
657.2095686931867
448.441998146151
532.5040078629561
444.6194275899231
363.84389149863307
273.8602935706701
555.6068252674894
459.6230438993852
325.6858692421922
574.5055648271846
457.14717216332474
529.5484840669523
350.82652430267024
523.7402424256371
369.9306867824628
305.6330927768648
255.76224167997313
427.79254369246416
405.0580065885652
500.4863893451173
562.1417208309779
586.1361933993361
549.2244230229119
442.3732103545407
768.5833676570466
422.0674957449901
534.5413832271512
588.6210367473345
244.49558431565052
424.9998203088784
437.1033431317697
320.3497263767136
478.4913853485687
321.90093085796883
322.2676623242419
739.6133728204182
368.4262064448754
418.9344198286229
923.7106515014037
363.45899736534153
304.5715332164764
339.64616321890827
425.9560325576625
417.41200379807253
520.9557137241699
374.4544344432373
715.7364529491664
611.9603344694526
444.8143669557379
368.28484849972347
343.7284484741801
442.7800542088733
451.91214988020766
554.5376832176655
525.9698779289148
475.42350935933314
635.0806777831408
538.5125078202898
750.8525170945427
482.8440889876953
512.1978399732429
603.1059132040275
616.7511866228143
386.4396560653597
437.6299149440164
1431.8301223389774
976.9817270167046
563.1005864238427
627.496370252444
374.6056840570866
1316.4282581253187
350.0097293875999
331.82519469794755
769.0779121553528
549.8639341787115
577.4628528982992
305.97293038580574
605.489822224271
275.9161864049359
398.30261796025263
537.696878849497
326.8887289159825
411.3783692959454
514.2954109140896
656.9567263030705
619.5089017447019
438.95285672497914
341.0790412113453
572.6572211499793
462.4951744421169
426.2065539177515
543.6516263131871
459.17614060539216
518.9455743001001
433.6352302606203
513.21764565344
507.07078472954606
440.47514718512974
466.6767948422083
435.9374493906062
619.4411155607578
440.7193681012336
418.18763488926714
686.2450082276309
912.2136381439923
352.91920213831514
391.33792152637363
651.3238005639917
501.6369351157151
256.4703542975917
377.86999490402997
495.6614274198943
478.13587158041
267.2723989525793
377.0323290199422
355.63339409249517
737.6770674918473
444.8451545928667
366.7484570497608
483.5891440117512
647.3572652339836
574.3896047658828
451.36258903207585
718.3950725967051
501.2678117987526
618.487757400392
623.5150006083406
466.69870022281907
505.04371202380025
540.2783442408952
386.91492868674425
499.5737288300999
536.7242624511945
438.57660070193555
509.1462900520529
551.3824498782045
284.2033276907309
386.5186106051209
542.4959286440059
847.0904504999559
811.2231080151527
472.1127556659158
294.38115265898494
180.1674814222244
362.5686853804506
457.0588928323245
383.976717156078
320.48794724408003
559.1442157975683
371.9017590184177
801.0032888400796
446.33666951205737
446.81395004251544
296.913169884829
458.6304439028108
475.37449142527447
532.6523683156328
550.2227395415623
520.1090987319445
477.9677946231495
332.7583939476787
399.4897598294418
618.8577142278599
383.95103292110497
558.5695043125315
393.5675639290947
309.03241650418863
351.9345469154406
566.096361952196
177.1544851233891
282.1124767510086
306.94483543064166
429.7467142098683
417.47011360842805
562.4379809225726
289.24621600686356
315.23089381862474
278.7266039269517
372.28566296935304
654.1255867658158
719.7001724695783
619.991170760033
389.8708647230322
310.8605519593295
508.3794387765618
428.43350201827286
437.38236699254793
388.56305841042564
717.8829242135046
380.4702290908987
355.912468574453
335.12080705961785
543.0958774570444
317.6192557880043
532.603643044048
336.2026549023901
538.9657410121146
849.0584610758552
401.8657900538839
357.1149187107717
474.58280904640486
468.3069127581622
617.3929413312362
398.8952488697334
427.39967210525276
554.90943484532
405.03339482506556
514.0153627687379
413.5098715046145
473.34222774704534
304.2340560323149
535.4144496278085
336.9283540345166
395.84317069457455
438.8400317997388
323.72721023455625
279.7387517076205
316.2654124526028
595.8664752960203
1246.7725276037038
490.87990783416177
184.55849395833022
384.49104415098077
262.48442373910535
460.6438155809687
611.1975510558276
833.8814573280155
208.2361030579885
470.8662542653535
406.2657918577285
520.7749574887763
684.5414588558822
448.6484576580298
421.0429580066307
544.9803154147035
370.6487469079035
332.5836506699093
214.37685131804758
369.5177287849234
252.5917398686284
391.6516484809612
436.08360192975806
251.78468010071524
341.92538791776957
579.5064069869327
537.182644330946
685.5231449767371
596.1465029833561
481.22885297849217
427.7086162627391
455.72960281334576
754.56763635242
699.9786149307421
480.5022559630095
415.6446517684821
456.87277070244545
331.0666621172331
665.0181042053633
460.0615995579529
729.6328184467923
374.81455785779156
378.47375769321513
430.49614003799365
370.82074553000973
539.1044660219281
350.9815330759029
352.45545497872297
444.2494853228585
405.2093283976627
390.89556376936844
640.5231970314676
362.41969154727894
362.2841177688898
489.7825752948417
528.8566602988112
349.12329759315026
537.9961789708518
542.9462526610941
1043.7652031909847
310.0393696075021
567.2841968103953
483.54462318272726
279.5083245546712
226.15928688446124
420.61181223679694
358.5013860853779
597.0770367832044
589.2325483582755
372.1890684676091
360.10542245682666
391.0140109623907
316.833808977915
532.7421428880072
386.5243650193331
569.7054320130337
554.9684632756209
1203.8073862879314
478.8244088566199
506.98111622707756
379.046921883501
443.6206501770997
624.9683244146323
283.1779966935731
528.1853535756561
384.7062233323881
588.4821229802292
396.76290421708694
301.1323628700244
535.8253342379847
614.8688162191748
302.4440016261496
584.2178517496352
345.42927186761625
246.87245807609392
436.7994809358767
529.5333345532517
513.269092497504
490.00793647787054
621.9855171764075
679.6355478785563
311.6189038759193
406.27691537640237
473.13842203601763
432.6919615057795
426.4991487531778
390.0364887345621
155.681999000265
644.4228912611351
342.9903591165871
379.15465766530525
791.6282881841297
393.24750782770025
514.5032568143477
969.7301479068446
525.830914823661
535.9006150052625
455.6023962527867
652.0997567215084
236.4691960455362
870.7881739513538
407.7485734771323
269.0115563569894
621.1195363334809
732.2625095100955
461.4883262298847
373.0098958718953
716.108114119352
416.56496896409124
172.96712700397075
202.62092645916152
416.7289302992926
472.2004859757198
343.8875646619065
589.0552338591341
560.5646016969694
408.53931186540365
543.1888985233866
411.1735241707765
460.49822758401524
780.6519986446265
499.20618078947
507.1791317357031
688.5122703357765
495.3044399654935
401.7956346983465
838.0473923568269
639.839500305076
438.41666254937496
539.465930138302
379.1272251400865
488.0218187371179
389.29945063626684
526.1631894760145
582.9459912308964
400.2993386149322
556.505871191329
485.58524418304563
835.6670808862334
336.4201220453552
392.5636108688323
493.50405720540783
553.8766130044269
820.7863265161662
572.9370889376564
444.57185188317067
547.5639226181137
383.37065746519727
526.8440289572917
911.273377462747
573.5942731906829
489.14404865872666
600.5348213566668
509.9060498705363
613.2505613560975
270.505965296045
426.586827675598
632.2433460424645
242.0648402248318
528.8464154828888
637.529106061278
240.83919691414695
303.3606055614212
939.2006005597552
309.4017104398373
343.3595588005191
447.8157822500841
457.9497900694712
320.58225132101893
618.4429912063273
307.00732270228076
689.5191021332099
452.56881517406663
396.47293054545565
703.7552641640671
787.3862420156104
698.1284753967486
711.6575202501524
737.6165184621163
704.8735148698543
641.1408040476816
722.9171703188503
367.27759275868294
390.6375000312737
363.7437022244448
692.5723168615536
659.4807479828494
447.5364576227866
655.0330022702867
498.65573710988195
309.8221714582483
395.0024069021704
710.2945737457558
369.56977249701924
387.25708967250074
316.48054527225554
581.8789682031845
297.62557214023
1129.293116979633
550.024059255281
447.5129884046145
532.1933211534625
383.57520043818596
285.6751653371924
183.62370498272787
638.8918974516469
1034.9470229331466
711.5581864376128
393.43665763830484
344.0455273776548
352.1984859108339
239.2417041027027
273.08576553420204
283.2052509017125
715.3066744232747
460.58285572396517
603.5635610564376
536.0188233024193
861.8570615274435
325.25294613361
546.4698486524427
576.6058163998249
347.94760738119913
842.4222982328242
602.5237110715141
325.287086024879
442.38236610179905
559.4466662849646
321.76805063806216
470.8371136185395
386.90015369164973
860.7632568577336
738.7591230512691
871.3500143587253
347.75108795173145
476.5380680451973
1051.4736163816826
805.4643396257547
227.18502862642194
926.9031242540119
457.15004709363683
522.7672612411823
482.54784362097195
446.3170862998481
580.4372694766241
292.8205309704256
563.9576037068285
228.6586373598413
483.43202055173003
1134.1942279801544
482.40581367002636
553.4581383072053
769.3997224870353
413.72737975225954
639.183786026604
496.956042778435
596.4799361603854
456.22299865711585
214.70072437062385
632.235498159771
941.4605989047894
482.8490949007037
744.2282919508824
409.3500117224386
850.135554022472
498.1139168273659
1004.1779492471715
441.7319389550928
1232.0384724206158
285.8680006667722
524.2271782516373
619.051287119481
674.155897055283
932.1905378894222
708.9293786010734
529.2874539180601
689.0950648542268
329.89138079130566
496.0107152476603
299.78807549093943
254.9836143364814
634.0067730863252
680.7751223899346
391.4920086007145
207.9563197493528
159.7299696869169
168.07193620610244
468.8270121721415
703.5598453111602
564.213628710973
490.715692294631
768.8138272151078
741.2555925515102
743.6334394021287
491.8154627398883
1056.4993032149691
458.88391865850184
975.219691081735
260.487901735978
496.3633474410631
902.0978588059885
452.2658632048488
478.9801278755497
362.70863239018615
360.998161289
310.9514325735235
303.7091973160765
337.1117951775951
471.14448050424716
340.19822915852785
654.0766507345979
243.33591954668242
554.2964550380983
744.6918779094532
418.6092524305818
606.4480922879399
384.49396439461486
234.40607708863482
1115.4175509416657
541.658836895398
472.19156774052584
380.43331145312493
668.2347444384749
307.331383789745
430.56072152135886
396.1941615356247
566.320103798443
374.8060502457072
713.8124117675085
610.036547097837
680.4938319756297
497.18853788178467
335.05514055172904
317.5102662411221
549.1587644263983
608.478618426476
398.66683899458394
309.445042039493
610.1395778070053
628.7889536572338
384.7808296982431
709.4037806545913
753.316843910007
604.1132283367763
411.5168463987765
613.7347680374797
437.3287757915527
596.4389371740056
328.05220324457355
269.1982373287482
562.470451208718
363.80842902922575
500.9354159300876
555.2321627479986
434.1506551374052
593.0425388085077
560.0870602357493
1473.6407946899824
345.2327097855181
401.9267845100435
330.98995471086346
282.20374259975125
520.5761203289314
639.487341143859
397.20124789554353
587.7999741344704
264.8109722377689
770.2907049315992
500.5410246105582
409.3903906669798
533.3160940365914
274.1856350730613
397.6409113755641
610.3514028193093
549.4413133548552
213.34341142936745
536.2421993027023
519.859165535735
376.2630859846507
825.5422297981129
320.40594233115837
789.2785948912287
574.5326371042842
1032.71330428145
645.6574179442165
856.5607919515904
782.8072899224412
441.1585936946238
319.826759137563
310.02846684269184
637.2775439424163
370.7663240053817
572.0805722674723
603.7596259007086
372.7431559444298
1213.3853459247957
636.409125674831
337.5254222126525
451.3290102356842
413.8346258746664
340.76088954582883
828.6853300037573
772.888550926759
596.1176133092478
513.3723627100978
703.5221997253017
998.8044964531553
347.5660210661239
320.4828173429904
433.48596944646266
463.44402664310434
436.90753654089235
361.26622708264193
319.05064724536084
1246.3512086897636
384.13521850606736
385.1952670080009
440.5095261297323
1364.011459174564
714.146730571805
288.510626387921
554.7676158805834
785.5718239251676
881.9539335515428
585.5553505705736
482.5006199803684
896.5361759733743
758.1749421458312
211.37399060915786
258.36739664138025
781.7230857503674
210.36344423907272
372.29306200481665
938.1529771112023
391.3841330103225
336.205583521499
386.53522086751354
234.14433813554098
376.77088192539645
369.7766464704749
445.3463038971826
395.8368381365991
326.1641906922785
401.0354270732898
408.50819349219955
702.1057081358678
301.6455645747761
239.94736799974086
387.8985656610036
315.60070952074955
644.4811046524145
1388.7461402029821
287.4415981975552
496.62930865898255
614.3512082615262
404.1736453667359
322.6243251478789
433.6351376930015
799.0574604081651
817.5678964869113
458.2033714859252
662.6074649845449
524.8077306730868
498.6659059373404
610.9675725674052
240.40224282853407
473.79293311680857
641.51229430867
517.8086852165706
1221.2375973661049
509.0711907592358
957.3400917281746
363.01854941763276
431.85550519753485
736.5456621462031
481.3366098165544
351.0876596846079
241.23857316414302
328.1953861393077
244.2536726725214
950.8815103388364
202.96202295895245
427.63747553708777
666.6090342543595
566.6140006840118
345.18938213625097
253.45174202869057
254.0800912415095
306.22877055862085
250.3963689580617
447.9857057158375
491.3523222679864
429.70344669513094
486.7786286234815
364.9272894703626
405.3767062132063
366.24214957791094
765.6023723748542
661.6004820658019
456.05031707328897
813.4189293580063
366.9800014235159
555.5445018210422
847.2939110688064
368.78273926811215
447.65982135940135
427.39859239727343
448.51155290982507
430.54823956769616
191.3084477009914
524.7636086625346
398.7420929080395
533.0625404715639
634.0502573267207
1050.0426312250993
598.7212371212669
535.9834362167285
241.5294456464644
960.057624150326
874.7462987585643
494.4295807151096
1035.7783506624576
448.54190246320115
918.347568181546
595.2316231035547
300.26780038804935
580.1072582092394
381.99458271118965
813.3436475065593
475.1313947555549
395.88763097663787
369.6787148967384
675.9500598843805
660.5852393947438
622.5874410976212
942.2487434975305
453.45077060595344
327.4629002720545
519.8826945545707
950.0077073069707
252.86666397174648
247.20895026894937
624.9240241169816
967.4399449939984
480.63012337933526
602.326641997236
294.1716105805092
339.1118189322904
464.2786823522972
386.711552475383
351.660494423186
463.3108651892785
287.58092579014556
260.1809172033911
291.4834810222452
361.508167376021
693.5965144282786
513.39678251725
306.8546591808589
566.6087855991175
612.1826166054192
335.4091946576962
365.653336147472
231.23142021441453
232.12213114703027
539.4505525965544
466.0768655851338
268.7452059562823
568.9613402946756
209.35082135936256
873.1779464910835
444.75916274493864
686.1884987333224
385.5640872356963
1351.5588581283243
483.3836081123344
922.940432191934
570.8090107455623
1234.5037933520662
501.78478137022904
508.26227562607426
232.96188212641408
203.1117543851713
755.3206952833098
321.0249175451371
426.5744837116827
831.8749877472045
463.164557596183
897.9049901098468
799.5444263341832
445.13170466004067
669.834370159975
399.5206435800225
235.71498400895075
280.3033745876627
146.63465970746887
263.85054916422257
241.41826962879927
142.47671930412227
718.3209237213349
282.70444747132655
786.6863646202638
147.42443210855575
107.44466387169261
226.92428054913375
244.07215117912833
59.58686203020585
222.2919201247028
127.36740764280461
229.0247354032133
131.39453882941524
85.45111042310354
91.73420242495197
341.67018640297636
275.0578783088674
912.8394239789076
471.26789987387417
719.9939796362414
716.7444224492637
431.00216010133363
373.94330775453756
541.1857418677304
623.9577002115766
995.2613253931405
577.6314720889434
350.4134120090299
527.7772017028801
766.1524661750319
243.31511263536913
384.1954107253436
651.1811865396173
761.2433510779033
676.8624990549016
364.9659359938557
209.31239179406694
532.252017386977
338.39131463996256
508.8327120375652
568.5118948156128
500.3473643812003
594.4120031366278
374.42789998061966
360.83909456108745
867.352227820422
445.61834780517194
895.6988009263588
686.3681673181022
1146.9280073959528
645.0888772868784
981.9489825138264
117.1448697674866
592.9274196049276
511.2512532649336
950.6502448867772
543.9771575839351
659.9185793313858
534.2170684937693
856.0737867098029
717.8342865988312
671.1318412846755
608.7483177750302
678.1131934628881
570.5553731396017
442.25008695805064
284.7571486522052
838.8760004229661
1139.5187370899755
1160.3363453856805
902.8684208017315
959.6725094676925
605.1117820413468
912.4627159712358
344.13226600585773
1040.585011680925
553.2846541192214
628.9337334697624
539.7030942456053
509.14136715648715
737.0134321321523
668.1195392988437
530.6263094169777
639.4402204694308
767.0757747330247
759.0201440211908
854.0307604264283
683.1604690186144
704.2136821618863
808.0568195427563
603.0758892711028
681.7904848878732
407.25762754297966
536.1086432142957
633.1030899036106
663.8460754984494
347.74408289016145
599.1816898393109
746.8343154975233
553.752662983572
522.6616207089461
902.4134380640851
291.1771867899576
838.6455919501933
869.0736672539407
627.6282067127997
508.2297642828048
297.90732299809355
620.4641718039667
347.16224241123183
321.62430168743236
304.18815365975
620.6148184243294
842.6173310391695
583.0868511315439
903.9190249948011
465.9179012543605
680.5763050124445
275.90400054246345
417.11657294162075
371.16593578371754
323.0250974088264
370.568283694446
635.9628495021074
578.6390912298506
418.669839793569
489.4095318538177
919.6789509337859
385.4885545716713
906.9134148737886
411.924971100174
329.1977607672957
307.90794560494004
385.98438097183197
577.118421835368
341.8296602348673
681.0479702509336
478.8559242024428
686.0485334059114
805.0957645431467
353.88446615887125
450.5506621404795
406.45763726999786
785.6083630492079
794.1781439018582
1376.4805260840485
581.4848552172748
564.8623175802704
922.619050632904
1080.756397318626
746.6623653186243
582.345303804784
665.0906200570504
234.23447399383105
704.5871760646942
744.0517306741605
611.8105686402248
443.3201793886799
523.9344557993145
630.4569045664994
699.9473830719206
525.4213591078653
531.9647480438095
699.9876917242133
784.6897288572592
1759.1633984742928
224.64864262499907
1406.0139446704447
747.3134495511194
643.850440011378
1355.9493338667153
586.8693619927346
672.567104469962
477.5993427981079
617.3739098587534
313.03904496780046
863.8680112576394
787.2232742313938
396.6035582102324
381.0296421050958
502.0618571726678
475.69158067141234
743.2226010850765
465.93270301304
654.4919807664628
312.9075239851258
670.35026868004
990.7197572786919
640.5958712393589
626.5360511063997
898.7079074083256
403.0340847839867
427.41792410479525
223.04718077580122
375.76187690681377
375.54637811175854
382.1293924645722
520.9579164085675
584.318508150282
557.2683495179556
596.463215644758
466.50290381659113
436.92894980931754
558.8971714727403
386.1390834385039
299.05349251732264
435.45759616986385
466.3203938135476
1014.3233113583116
471.5836893900037
817.3262412298515
512.8577867004059
520.0424657251946
855.4304559611058
1184.8092584539847
1107.0796931795162
418.8917933217446
1201.8345271885391
556.4831128668876
1073.0218898936387
848.383327617248
516.663477967691
428.1558746617535
508.4074027288108
446.7466139988752
778.3004837184506
507.59377691053794
506.4283825224848
559.4199420584059
467.31398771054904
630.4706809091194
753.6773824059004
458.96205977706825
852.5137972425982
969.7907385266152
959.562753965509
620.5509124130506
791.8398965689864
958.6092540773607
1337.6505028039924
300.5354118665556
521.7381219935126
973.9526485421944
803.8469002801738
553.2847551976328
600.5100381509349
1139.8389412872455
1055.7363303778857
1009.0715158140738
458.0334735032662
863.1318744519807
620.5102168596524
388.94754964982104
563.0554804337961
275.32710880321747
365.1857405089191
1273.8792282165537
597.9336893577586
1144.1150227905066
523.3614193493337
1035.9323925799315
1325.5313208088528
617.3719701297435
484.62009580719575
294.28496613473806
896.0147969004078
642.1551597810259
1354.5776882376317
996.655170460287
682.7200192244309
440.0408533811264
1406.9055622242608
999.9578082070744
569.9322861162726
222.86323162988555
1259.5045160302561
344.7850123616461
509.248209064656
333.06071155008294
370.04503172934886
475.41572376231716
723.6267559192222
415.20078016382837
484.90363913122826
534.7295475466962
766.4329152250799
600.1961617755865
692.0699635064464
559.139680995664
1081.8323400061317
600.4471285077838
380.5280597999783
423.02268021230765
400.6401182508576
690.9631051816516
381.7914057560334
539.4786928865042
393.3882834300036
832.7523480331876
1368.137090030597
350.3426667753031
359.80514107808074
613.4588532531728
571.470571369777
276.2065071381307
558.975034552777
1353.1295528303988
1188.703275492579
415.4645219672399
363.60076093575253
457.4400652829874
739.9245208069143
786.6574153224159
327.88231936222707
862.7427483629897
433.52045815462435
324.45148137892596
535.6292452496928
433.2223217310617
663.6017741687705
516.7613536112187
622.0817870681504
853.2377736989237
659.2489398833751
1271.7850452476634
624.213058123312
786.2341987530358
1174.4096891899499
808.1854248118458
809.2279668616213
755.3251766449812
748.1604849142735
831.9537976424034
751.8375341355014
775.3918965125516
715.0160536010038
937.2878734642933
805.0866886453251
509.756356311426
189.61575507841565
793.080338893704
573.8508463185052
1263.0219572549206
675.1366488593093
364.93588850796107
418.940108125706
742.6821104762286
507.22656994393196
407.3237864670858
445.6515020315018
615.5130603690262
1222.9802623263124
260.70737769119717
469.20981282314733
421.31879005542123
751.1713548558774
391.97750326221194
585.0605547594671
777.2453845291994
778.7192784275283
693.0869419095792
481.373692357481
313.3954701100979
1837.2527935725652
565.8067217031906
436.61269388139317
416.1452946731219
1245.1055806383724
758.7655748292242
629.0004138654573
420.41017168114354
880.766970145955
332.8236525778584
983.1823035821242
958.1264902873314
378.20978321411644
659.602312188703
429.281887489086
888.3899784400825
594.0678935884556
538.8970471695611
745.1048910461158
450.2071763100544
595.3604094646638
862.9134113947699
689.9056337736113
680.378664904098
1081.8298584735558
599.550114280517
868.6628244541748
640.5401658468436
816.3201217631952
534.5822800957263
290.8661951157919
248.46306597406712
1272.93944222333
366.1193496234559
856.6376304500398
697.0468483242709
403.4034460889311
934.0017634689339
528.6352093350027
1705.6047047773063
962.5290716838487
741.23360584417
583.3939485319522
416.8416182941809
414.4913475780135
282.0045766466989
452.8811679330825
723.101192729848
920.0940282346392
674.1295654937466
1009.5855476678714
900.23690211228
559.4293453973276
1294.3242213163317
501.5448352899472
659.4774247534538
1748.1821107820867
590.3543766755452
696.7993894485278
334.956734790263
1026.0116278636785
1778.3804297723218
674.0344969725422
989.7896197993633
483.45256183392564
771.4320659497379
338.35640018458196
460.0686180441727
683.0001943373712
1782.7646477758883
741.1843502447729
633.2319501628899
657.8451024304804
717.9397897656995
513.1710598134721
468.65733510244246
1428.5232048462371
798.0440825150689
654.1393267433004
815.8367790740836
944.8645250623329
935.2904841814052
545.9965552740674
352.78223146279845
472.04390137785094
488.6536481882569
509.949858575423
472.8439192088613
412.3028165576358
564.2949465293101
1985.9019959588518
868.5357808333877
1642.8864460734897
1106.4800459576993
738.4165268131422
1436.8029997211067
608.129386687768
611.3077266502468
1305.4080155763377
651.2670257281599
929.7165941741698
1074.6939365354979
1752.0127183946106
776.7862943498127
740.3296584347687
1100.2020805944383
1274.7878601740651
896.1288528602478
538.6890365554837
379.44557801589053
797.9564370556162
258.90133665094714
458.5640347661042
507.64275916691116
476.81287099261715
532.2510879683614
429.6191756519256
450.61662818766473
493.70194510094205
815.0517348436678
496.39892617067215
391.2809550127965
385.64361805039425
260.45755064479977
692.0601870079759
493.73194581286657
1197.2274838260178
809.8197310276178
300.6951049013107
809.8245538224844
1197.4563898319147
440.5066133997831
308.65974923735246
