109.9233230577593
90.85790186784347
101.49049159529697
105.63624509134122
78.82942704022311
78.37867463178473
72.86049216966879
71.24392834821609
64.9490268980449
63.320234013800224
61.66478455530479
59.85255817224411
53.97184048467427
52.58702306239485
51.272527964605025
49.68714360626382
49.26120215002693
49.41871921177948
48.89375960525389
52.066980811978766
51.700202635690005
51.62999310945647
51.37979571333904
50.93827939437251
50.86992854518038
51.25009754375015
51.32552209265818
51.53154379818034
51.40064835972299
56.431260662164874
57.46668976577352
57.86413462957789
57.82288002419241
54.525901035864486
54.42421656236181
54.81441473483543
55.6747536468016
55.97125300239518
60.94741052367927
93.58788819687398
95.3131816427446
76.23241202349615
75.73403952267044
88.17336636410889
83.32911521547835
112.72206692793647
115.68714978156459
90.01855354445397
91.35968701312072
92.09526726719267
93.15404019823713
66.55106287960378
54.15421237441375
50.09531212234681
53.91189215792984
54.378935886092926
54.86114159612372
55.25494131638154
56.59245381678654
56.871191137480764
60.42892863348963
60.11993800171763
59.15582847627718
57.58665847077157
56.52769740451571
55.40411255206244
54.34710693246388
54.269984720418734
54.76558570435464
54.883023197968186
55.80369052274608
52.35622174651791
52.717206131560495
52.83023340395767
56.08014446182461
51.242648280662465
54.757550839927355
55.32861829895963
55.01626623444976
51.844817025303435
51.65470214501996
48.723584284093434
48.090539986916255
46.97719999289713
46.50069453012816
45.9071392147405
45.479998996857944
45.435037400581336
45.56820390850393
45.98494142850789
45.798258462688494
46.56201961250916
49.960405507480345
50.1771132408113
49.89560390921711
49.7565680174581
49.938963293092876
51.661310702001146
52.54122395233153
53.13426633615496
53.910061963179885
54.014553503309536
57.0467013876772
56.47434787843546
55.09107299028845
50.750237645070605
49.68855156233584
48.45276373640373
47.79693961145298
47.76975120848737
50.80780414312626
47.12099972179275
51.004734660863555
48.23259130273682
48.97237888198465
50.03234001163545
50.12618440595677
50.80884298312882
51.5516605156169
56.54420584257803
66.64299566241124
60.4491217832686
59.797365466070275
66.82285428736206
60.180321551055556
76.20470225346203
212.47406130468806
141.00749880204734
97.5989517557758
97.88137437026047
99.28612900543888
60.24087698357234
56.88443093613087
55.8433474751541
54.83546064694483
50.656446983703084
53.1341604184427
52.16119127969371
51.09050179007636
51.22910806088211
50.097852336587806
46.566485500167495
50.09563210332232
50.70646525907764
48.27236144589
52.99655848358421
53.150575782015366
53.80056986170016
54.96202786100678
59.94167820400547
60.51504024558974
57.103790538445296
57.3398766193314
56.8212374932646
61.08554427803697
60.52991355462536
72.78634828015834
81.0415722554793
83.21820395901705
93.23405469718475
98.57620867232811
102.5619627829563
116.34078896714719
122.27792112190504
89.3552379578095
61.8448302098832
60.89959760987795
62.3234366823175
58.571484525521875
58.170414011585855
62.32007153417425
86.23291735096917
104.16673300313461
123.37099365805977
122.37421059832376
134.03336822155538
108.05180301749921
54.96312390012519
54.346163370172384
50.790038300391
51.38979514814877
55.29690608772961
55.40860537165911
55.54359182508411
51.04043455988012
46.4384238444896
45.49875200512624
48.51497430973319
52.23630617169924
51.53079991948563
51.17814852440606
51.38363448535008
51.526839828558124
51.97209850685164
51.65600604107454
50.83249601204274
51.07522380140884
51.408050456200314
51.090219834445236
50.90815865107579
50.69093153441263
51.47264059197539
52.25002321727672
48.37594945248097
48.16413911531078
47.966811348957364
51.414626827161584
51.06667327698758
46.19916147735904
45.9748697039577
45.11950844357938
48.20095593670573
47.89759891914407
43.71093642143881
46.1235936540118
43.099112677829325
43.039268910336574
43.6063569081867
46.27648114440144
47.1659778486534
46.91491327228494
45.58198023233794
52.16632047441419
76.51839250811528
144.18594590106974
124.70545275617557
165.80683581277967
146.8811756256379
142.17354862513622
63.21260758329131
52.6738322572119
57.21006546142676
61.97061527601984
66.628852774179
61.75300843467722
61.64481480179997
61.80174401279994
62.027135156933305
68.98899752462746
92.37736014904843
73.41380863431657
65.04149449547396
60.42718825648647
59.23664074522035
59.65164473224831
59.99990081478659
58.3990047099464
58.72448392112502
59.17631454764871
61.840327877441496
76.3198332770549
89.58180253609643
146.5058412915035
103.22435307227481
143.05642834925055
117.36061325429648
111.81661019362325
136.84032426061214
133.04949598277966
141.9333251421831
171.11680537332703
127.03271890816407
130.79752078365408
143.2676195174624
145.99886491665356
145.77118599761997
143.43249831091853
154.92111491342928
139.02010189340854
142.85143829262213
132.90767428889467
101.28701882257077
100.6359245031534
110.64699051120064
101.19512157702115
106.81484230712086
63.463736852315506
58.169230096043215
57.59325772363367
57.600139761828835
58.10234059631859
59.102507204886706
56.47351452113815
56.15444034054983
54.65558749546951
50.08218752579578
53.59403876319289
53.45919429222692
53.52701283901707
53.37596227926371
52.41504408534035
49.154652729724965
53.864957499947096
53.78920849173618
57.59835015658468
54.10198699989261
53.8772163039098
53.39677844201967
52.88554259125575
53.047288120613416
53.382389269620305
53.26134217530731
52.83655640992105
53.39967679812302
53.05064284944886
53.02012844268813
52.71796905222208
51.886685453087594
49.84327566408553
48.96640107591916
48.920080929059104
47.901847437022745
57.15607107629428
97.08935370743815
47.60645337976146
49.77725658046057
49.496010526439235
46.48499372970953
50.66904109316171
50.27978386789651
49.796455352369094
49.64519340493619
49.43799030617335
48.74163394103906
47.91192389192716
50.92138048285279
50.544512414558916
49.429649790964724
48.91406792177958
49.649624412470786
48.80929803886165
48.98542806653114
48.715426980176716
49.010872157276836
49.77747109623343
50.311169615159415
50.4799719677892
51.55197830239439
51.442639492971445
50.728844966208676
50.079443718296176
50.83648467735117
51.098862013447096
51.27378189174586
51.049624760102894
50.79967448481974
50.92799192283252
52.058360433563166
49.20394835514949
53.14412117614722
53.84274549705089
58.07704061106598
66.93658198000035
447.7771762574745
303.22070282934146
308.97000891189964
126.19341328826046
70.16179353067494
61.75805893244431
60.97437198640452
62.89543533126873
63.856027587258154
65.14815564542793
62.730598463929496
74.97623579642818
73.09105186780359
65.33283200847487
72.63425953544888
76.0866375986675
70.86205345475379
76.18647330904412
78.09637933203143
93.51903752984832
108.36225585746737
119.55012207098147
145.64909884739905
214.12713540715706
213.86579966194972
186.34095462421755
203.23719178665817
183.63370687845335
210.31148767849135
175.39313880184977
172.92772969988513
172.26521488570185
155.47141953267067
181.00789751087584
145.4307686207351
133.92601380017047
135.77786728596834
138.14234898926017
119.76089575180546
124.71907689282158
124.33206679863343
139.71283675237308
127.48907092987994
131.17963073699076
128.90502785730843
112.19046056262331
99.75035983993956
101.24422020788909
105.07678634469032
82.0942006169572
84.31992157753078
61.183527206702976
60.90086597130802
56.02091459738211
55.75683071594855
51.07973430466012
54.48239372998349
50.77198256785245
53.12782627149877
48.386864676013445
47.540309151399384
47.9542678964876
47.81129841453261
47.87378086132465
44.092009776237994
44.380726983384214
44.888461399781036
44.282665719281574
44.12633904038656
44.02275093744613
44.497052686178215
44.97586587653532
44.87893083479139
44.333220431026106
43.70255232293816
43.69044858866444
46.36055095843509
47.16006603426019
43.62234740968649
46.37386448476015
45.87304090437214
46.197995038737524
44.813098777810396
45.01882966197814
48.62692622178466
49.22238370208096
48.98622058644188
48.37382544728169
47.8933551172117
44.77771211154162
47.93703657508547
44.121704756280096
44.63755499127648
42.092800587792816
45.68641121007916
45.57395686083889
41.956895947788055
42.13667640033689
45.15501527256134
46.028989567062936
45.82599231849035
42.793720461746425
45.56808832251906
45.70867713759801
46.21848245024938
47.04005983323587
46.20566552719556
46.82961959724512
47.69898251605916
47.15979502896719
47.91248234558969
48.67834914563071
49.85273278730809
53.909170391283496
54.683085003663535
52.336392772307114
53.39371708486429
53.96224310108958
54.54733376380357
53.83871999843027
54.69392235898528
54.58354932426538
54.25187559209004
54.07653793332232
62.77427179908227
96.92236663988383
99.70447839890875
96.9148782334986
114.53827808114258
109.38819265507529
140.73385508136442
107.16453771606551
99.85612609460338
87.41170617673407
86.23213489983823
89.95198965304441
94.74926895496556
75.10055644690308
68.56299929140873
74.08914700460713
69.08833467186693
68.36136551161637
66.8024751037029
71.68169511493107
67.13219664924063
71.83535772412053
65.48349501181713
65.82777622349958
64.92078341746843
64.42757606160895
64.88885597783079
63.53391497826032
61.58091771202029
66.70151244826803
62.34436946712033
64.19577140743694
65.26429292837433
65.615822088145
69.97917388516436
65.5388106016896
74.05677139706052
124.3610460031915
151.0617100827442
220.92681415564317
205.87339793762465
224.40199665027185
180.8256243911365
436.01207792205275
296.61802015627177
449.48323461126466
141.90658885587064
175.58340466112418
146.1008628670429
168.1636757618065
155.58556781455644
194.7979745478166
191.59798900522688
178.73280788857983
185.1894346124905
181.64729051738303
79.94966285323993
64.4655696136107
65.54978239502447
64.86072523204689
66.83998047112246
65.89485191337887
65.9857774464691
62.05695035595133
66.51012439489551
66.35676231086384
65.18135762037576
65.08376529965963
63.831836150680274
64.83496259436207
75.93339661994648
104.92903301339668
146.04485464690214
193.0741231668038
250.21405125066275
279.18696892528715
267.50464549721613
238.70782959194844
223.0806828157987
309.4996720430587
258.93296346837695
158.47979935759676
232.3461310658366
256.12565978809835
194.65468580853516
194.4467151623857
268.37983485653575
259.5006560635449
251.66727976405133
212.8682720402197
186.38796163206354
212.58939869103727
209.31751932106317
253.61810858852007
212.82565254632922
261.3429308779209
205.2311083582163
254.81632170666475
242.9359405872916
210.96547201790207
258.5343517192354
731.1114365515161
303.72263039009766
265.069682914663
482.31751085981284
253.6101720294005
226.23758344824924
193.78424552994255
215.0431365565666
231.52510232686643
268.4004581651433
220.29896499117172
247.35670286645714
255.51118075674123
254.28556474249578
243.16858026562377
240.5218659763811
240.09620471007884
227.8868911176413
217.5597132964978
242.1246474504352
205.97611288670615
196.72859785834407
220.8706324547911
224.66629725355918
145.6456128153813
112.74859335590097
164.3103024285675
163.0594047699789
144.58515874567416
163.56997237817112
218.3511337547022
229.16902582900207
211.4286770418564
206.3597513281271
209.64697422936433
212.47311504492143
221.38448770155634
221.04260721478937
197.1344148178482
149.83586339599702
151.24444492807788
130.94337854849795
123.00214965696982
128.8516788306935
125.28587168616151
112.17066005027853
130.35437842395044
159.58398663834154
153.1142229374085
169.46285221243605
161.8393736897103
196.56429089223306
159.54430869151105
150.69679453319574
161.24315756648244
190.30097978012074
167.4515179938548
204.5238061340159
134.42607063094277
184.8565898829492
172.74512868091782
155.80264596023832
163.36474043618412
161.96538097914942
165.80216421731288
154.72962015470208
166.3761893711989
156.8192852576677
163.19367638333566
180.27660535475886
161.07524856799526
186.95936684714724
159.93531970698623
160.1076324789816
152.12145405752085
166.01179960425975
167.30256979405172
216.2331578227675
192.94902780633166
167.04465048320978
148.23870842935938
148.6537026153135
177.42117670530942
202.60475746940756
159.44179886626674
180.47714663419507
185.42620845317765
200.88683523757612
191.4043997480788
192.20652094462346
191.09006885445456
198.24299744687238
196.32548233133997
179.38463612284392
183.97266319607508
164.02947366436655
156.25683338696115
164.73928846341593
149.1634657144024
145.38525108289647
142.6351646413022
142.8119426895383
154.79024366737636
164.81023728613238
169.48950948673829
162.15355038236163
215.84863211665294
103.38794363385973
231.75786800059663
173.85120102678437
188.27621865489562
130.52996587154286
159.31026444241726
228.58026583621987
170.4795098079707
194.45381593779095
159.6895620273354
203.23084946979947
129.31119818236843
128.18850321927738
124.9977133584485
146.65989252776552
125.75030241631453
108.30449283190174
140.64106857471745
233.45749235002725
334.5996246886273
303.06542804353376
409.2938319891309
326.34481404083334
306.41438605951146
277.2414599786436
150.09869641603004
155.41685783348836
167.39577521657773
212.14119724003785
169.86100520829524
134.10040314078816
90.6607811158439
121.28093500655251
131.9956420435281
291.70652673341016
264.06060926185575
166.3058058489932
209.2336219730616
195.54480757503165
200.52408976614961
197.3011826855547
188.53286575263542
152.38784316555564
213.55412860585213
349.7236333750884
197.85412566732398
212.20886352388735
340.0059451355897
278.0223066349051
163.13010458867882
279.8117122722378
360.31546317317805
413.1383848236748
307.9667576502626
255.29825094281387
220.69313045730436
266.820543844847
205.78313770527365
205.8176847541366
210.76788604715162
214.621961432479
194.41622377020988
175.97585292424822
174.2715573579138
182.24264871775662
180.03104175649992
183.72697684975958
215.46174403730564
216.6208177156164
232.78650227405805
213.5626258789176
215.814405716614
215.6828519339468
242.6177688075251
209.04499834255665
161.3358041284791
230.07936089019174
161.42479373433665
182.73606867602058
209.52534887965933
187.151393349647
219.29294101628705
227.05182410011497
241.3719170924416
326.0261093884366
409.3626379069
326.2838541567069
304.79824958043275
294.124087012237
216.10868990011568
247.24132735362394
367.74957653933535
363.72403671424024
295.5764165778183
297.9992287896648
299.73504691639755
295.3977457438269
276.74827261485837
266.2378541938269
266.87050756870633
269.63202268250365
237.89400402533695
278.4745466487913
445.00148536322365
357.8766192512589
474.304996610242
335.6790638095886
300.145530441432
429.6072107608361
463.6266078123835
396.82883434598256
259.967919195188
236.23414441498477
326.25850375809455
289.2238527669655
337.44729461429176
269.7824488670564
367.45560688922217
308.8874103199914
279.533575431323
261.3074553375421
344.9390200228136
308.9119134203156
309.93004310324494
181.81127880923896
314.80000783400254
293.7374086557286
229.6660887701112
281.0754744993738
279.4595490028486
245.39422208500505
213.83510536603592
211.21685721237498
425.84307403049
280.53211502123656
371.3272809420024
382.4146250021306
206.23060455098317
271.1232308974325
360.5111794438684
273.22693927180984
389.60973764691835
352.93129721660887
280.0269478184864
385.95367363168555
293.27839997093287
344.1842638715781
402.7400772385472
307.40411774988644
295.1652797518949
289.9171525299546
362.8621055306933
349.17892697814773
274.43621077490786
240.4173637777572
339.88070630957054
345.54955320308954
219.51064453141433
180.6453938757873
317.03225060750214
326.18536747083004
448.684378970933
204.37782290157182
221.61192090284717
300.42786279435416
262.52407711749487
288.6854098717528
214.3337716859843
190.4830649904234
306.1045876389316
202.91281016898765
227.78893675253536
196.46078658913055
194.95406859322736
181.51226268041208
181.70809852330478
201.5228853701989
189.20386411672214
193.9752529218691
169.83697483772184
192.0052424804314
226.9896353601864
317.6837142777667
255.61738468887296
447.3270380425141
194.238962366851
203.28085611645568
246.18409928157044
260.9490127758668
367.4147998184275
225.9226749628256
208.89576461189887
204.83704238240375
216.4574585073959
309.74389621424496
298.17355115011094
233.2826803409668
259.8673344565573
211.68492223278267
353.4786575270448
434.0714186370545
341.0483379556763
373.26999949837415
261.7750999480296
244.05792189279384
279.8439772267252
311.32090777641497
297.1707035346623
327.2520045790076
262.7110704521549
255.52732100607335
268.2008366101552
427.59037517867705
306.1470933511163
378.9261149619726
325.07690599107895
244.57968912703564
233.71529133553537
298.66884529758323
159.97458133890268
163.7393249882166
304.2869719379014
147.65151903986933
369.37817516682
301.18190130928986
193.74274934773075
196.22615215447973
177.20663237782233
281.2076598692841
243.99254309546345
165.3976429140149
218.34708638790894
205.53031865941554
257.2407640021357
196.224029757246
194.40401000753218
200.36400751345786
249.33574150008658
263.77417316259965
401.8791906114697
258.1424518302538
243.32980300386907
221.2008129270914
288.29016341336285
202.97859509056462
184.75956667469956
248.68945165985195
191.61723652057566
222.3424343477145
176.54122003554417
237.18821839225194
340.4854489496491
332.736717115596
246.27717282303314
185.69379319602172
273.9605626801187
240.5385549669342
221.45552562807785
210.43736735755076
228.13041305651961
207.81052605761218
249.03378597751012
185.90702856881651
253.89878474903634
239.82417602227224
198.5918727109452
250.69932697418807
261.6099739579551
299.3927127979273
318.9696558930602
156.60453350978597
147.87102009971775
385.7380184275429
272.85039340386083
371.102410210998
222.17706323422686
254.5160317622534
314.6940291646325
265.8628916889407
332.8663846071774
187.8611638661062
119.98349298370414
282.11389472362674
261.733850190434
261.31539992222423
213.49037360075073
260.84070817699154
345.310563619835
112.15776742716503
288.83740064390184
237.22871903711717
213.7582769666399
264.4728013379361
414.76177608031605
325.10812433060227
372.0044508192558
353.52690528842123
383.5587606901228
261.9362748302649
293.8349714313574
363.2329510368084
385.5091467355244
284.0232090286866
271.45298408454624
197.50527108222283
203.1626422240934
240.62789028108557
246.9642780891325
378.07747820010684
238.0816397465881
213.97542335781802
222.97902565710257
233.3972808628236
218.22402062052913
230.7930735967904
220.7819502839573
